
  --------------------------------- START OF FEAP LOG ----------------------------------

  INPUT FILE NAME: ilochscheibe                                                                                                                    

  MESH INPUT RECORDS
  ------------------
     CONStants                      
     MATErial        1              
     SNODes                         
     SIDEs                          
     BLEND                          
     TRANsform                      
     SNODes                         
     SIDEs                          
     BLEND                          
     TRANsform                      
     SNODes                         
     SIDEs                          
     BLEND                          
     TRANsform                      
     SNODes                         
     SIDEs                          
     BLEND                          
     FORCE                          
     END                            

  --------------------------------- END OF MESH INPUTS ---------------------------------


  SOLUTION SUMMARY
  ----------------

  Load    Total     Solution      Time     Residual Norm        Energy Norm     CPU Time
  Step  Tang+Forms      Time      Incr.  Initial     Final   Initial     Final (Seconds)
  --------------------------------------------------------------------------------------
     1    20    0  2.000E-03  2.00E-03  3.48E-06  7.37E-13  2.82E-14  7.36E-28      0.85
     2    20    0  4.001E-03  2.00E-03  1.71E-05  1.75E-12  6.72E-13  3.84E-27      1.27
     3    20    0  6.001E-03  2.00E-03  4.32E-05  1.23E-12  4.19E-12  1.75E-27      1.70
     4     5    0  8.002E-03  2.00E-03  7.99E-05  9.27E-13  1.38E-11  1.19E-27      1.82
     5     2    0  1.000E-02  2.00E-03  1.25E-04  9.29E-13  3.23E-11  1.22E-27      1.89
     6     2    0  1.200E-02  2.00E-03  1.78E-04  1.14E-12  6.08E-11  1.96E-27      1.96
     7     2    0  1.400E-02  2.00E-03  2.37E-04  1.28E-12  9.95E-11  2.42E-27      2.02
     8     2    0  1.600E-02  2.00E-03  3.04E-04  1.92E-12  1.49E-10  6.09E-27      2.09
     9     2    0  1.800E-02  2.00E-03  3.78E-04  3.67E-12  2.10E-10  2.24E-26      2.15
    10     3    0  2.000E-02  2.00E-03  4.60E-04  1.08E-12  2.85E-10  1.54E-27      2.24
    11     2    0  2.200E-02  2.00E-03  5.49E-04  1.10E-12  3.77E-10  2.03E-27      2.31
    12     2    0  2.400E-02  2.00E-03  6.45E-04  1.28E-12  4.89E-10  2.59E-27      2.38
    13     2    0  2.601E-02  2.00E-03  7.46E-04  1.77E-12  6.23E-10  5.49E-27      2.44
    14     2    0  2.801E-02  2.00E-03  8.51E-04  1.91E-12  7.81E-10  6.68E-27      2.51
    15     2    0  3.001E-02  2.00E-03  9.59E-04  1.10E-12  9.64E-10  2.19E-27      2.58
    16     2    0  3.201E-02  2.00E-03  1.07E-03  1.03E-11  1.17E-09  1.80E-25      2.64
    17     2    0  3.401E-02  2.00E-03  1.19E-03  8.48E-12  1.41E-09  1.28E-25      2.70
    18     2    0  3.601E-02  2.00E-03  1.30E-03  2.10E-12  1.69E-09  1.03E-26      2.77
    19     2    0  3.801E-02  2.00E-03  1.43E-03  2.41E-12  1.99E-09  1.15E-26      2.83
    20     2    0  4.001E-02  2.00E-03  1.55E-03  2.30E-12  2.33E-09  1.18E-26      2.89
    21     2    0  4.201E-02  2.00E-03  1.68E-03  1.26E-12  2.71E-09  4.00E-27      2.96
    22     2    0  4.401E-02  2.00E-03  1.82E-03  2.79E-12  3.12E-09  1.53E-26      3.02
    23     2    0  4.601E-02  2.00E-03  1.96E-03  1.03E-11  3.57E-09  2.13E-25      3.08
    24     2    0  4.801E-02  2.00E-03  2.10E-03  8.25E-12  4.07E-09  1.33E-25      3.15
    25     2    0  5.001E-02  2.00E-03  2.25E-03  3.52E-12  4.60E-09  2.82E-26      3.21
    26     2    0  5.201E-02  2.00E-03  2.40E-03  2.69E-12  5.19E-09  1.76E-26      3.28
    27     2    0  5.401E-02  2.00E-03  2.55E-03  2.57E-12  5.82E-09  1.55E-26      3.34
    28     2    0  5.601E-02  2.00E-03  2.70E-03  1.31E-12  6.50E-09  5.00E-27      3.40
    29     2    0  5.801E-02  2.00E-03  2.86E-03  1.22E-11  7.24E-09  2.86E-25      3.47
    30     2    0  6.001E-02  2.00E-03  3.02E-03  7.64E-12  8.03E-09  1.30E-25      3.53
    31     2    0  6.201E-02  2.00E-03  3.18E-03  8.13E-12  8.87E-09  1.41E-25      3.59
    32     2    0  6.401E-02  2.00E-03  3.34E-03  3.07E-12  9.78E-09  2.56E-26      3.66
    33     2    0  6.601E-02  2.00E-03  3.51E-03  1.73E-12  1.07E-08  9.05E-27      3.72
    34     2    0  6.801E-02  2.00E-03  3.68E-03  1.62E-12  1.18E-08  8.22E-27      3.78
    35     2    0  7.001E-02  2.00E-03  3.85E-03  5.77E-12  1.28E-08  7.24E-26      3.84
    36     2    0  7.201E-02  2.00E-03  4.03E-03  7.01E-12  1.40E-08  1.16E-25      3.91
    37     2    0  7.402E-02  2.00E-03  4.21E-03  4.76E-12  1.52E-08  5.68E-26      3.98
    38     2    0  7.602E-02  2.00E-03  4.39E-03  6.75E-12  1.65E-08  1.06E-25      4.05
    39     2    0  7.802E-02  2.00E-03  4.58E-03  2.15E-12  1.78E-08  1.49E-26      4.13
    40     2    0  8.002E-02  2.00E-03  4.76E-03  3.04E-12  1.93E-08  2.67E-26      4.20
    41     2    0  8.202E-02  2.00E-03  4.95E-03  2.05E-12  2.08E-08  1.32E-26      4.27
    42     2    0  8.402E-02  2.00E-03  5.14E-03  7.77E-12  2.24E-08  1.61E-25      4.33
    43     2    0  8.602E-02  2.00E-03  5.33E-03  6.51E-12  2.40E-08  1.12E-25      4.40
    44     2    0  8.802E-02  2.00E-03  5.52E-03  3.31E-12  2.58E-08  3.39E-26      4.47
    45     2    0  9.002E-02  2.00E-03  5.72E-03  2.91E-12  2.76E-08  2.66E-26      4.53
    46     2    0  9.202E-02  2.00E-03  5.92E-03  2.81E-12  2.95E-08  2.67E-26      4.60
    47     2    0  9.402E-02  2.00E-03  6.12E-03  1.71E-12  3.15E-08  1.21E-26      4.68
    48     2    0  9.602E-02  2.00E-03  6.32E-03  8.80E-12  3.36E-08  1.93E-25      4.74
    49     2    0  9.802E-02  2.00E-03  6.53E-03  6.67E-12  3.57E-08  1.29E-25      4.81
    50     2    0  1.000E-01  2.00E-03  6.73E-03  4.26E-12  3.80E-08  6.23E-26      4.87
    51     2    0  1.020E-01  2.00E-03  6.94E-03  4.89E-12  4.04E-08  7.59E-26      4.94
    52     2    0  1.040E-01  2.00E-03  7.15E-03  2.31E-12  4.28E-08  2.18E-26      5.00
    53     2    0  1.060E-01  2.00E-03  7.37E-03  3.11E-12  4.54E-08  3.40E-26      5.07
    54     2    0  1.080E-01  2.00E-03  7.58E-03  4.35E-12  4.80E-08  5.68E-26      5.14
    55     2    0  1.100E-01  2.00E-03  7.80E-03  5.38E-12  5.08E-08  9.72E-26      5.20
    56     2    0  1.120E-01  2.00E-03  8.01E-03  2.79E-12  5.36E-08  3.36E-26      5.27
    57     2    0  1.140E-01  2.00E-03  8.23E-03  3.73E-12  5.66E-08  5.20E-26      5.33
    58     2    0  1.160E-01  2.00E-03  8.46E-03  3.89E-12  5.97E-08  5.40E-26      5.40
    59     2    0  1.180E-01  2.00E-03  8.68E-03  2.33E-12  6.29E-08  2.53E-26      5.47
    60     2    0  1.200E-01  2.00E-03  8.90E-03  2.85E-12  6.62E-08  3.48E-26      5.53
    61     2    0  1.220E-01  2.00E-03  9.13E-03  6.60E-12  6.96E-08  1.70E-25      5.59
    62     2    0  1.240E-01  2.00E-03  9.36E-03  5.40E-12  7.31E-08  1.12E-25      5.66
    63     2    0  1.260E-01  2.00E-03  9.59E-03  2.55E-12  7.67E-08  3.40E-26      5.72
    64     2    0  1.280E-01  2.00E-03  9.83E-03  3.36E-12  8.05E-08  4.73E-26      5.79
    65     2    0  1.300E-01  2.00E-03  1.01E-02  2.32E-12  8.44E-08  2.69E-26      5.85
    66     2    0  1.320E-01  2.00E-03  1.03E-02  2.43E-12  8.84E-08  3.01E-26      5.91
    67     2    0  1.340E-01  2.00E-03  1.05E-02  5.95E-12  9.25E-08  1.48E-25      5.98
    68     2    0  1.360E-01  2.00E-03  1.08E-02  2.83E-12  9.68E-08  4.29E-26      6.04
    69     2    0  1.380E-01  2.00E-03  1.10E-02  2.66E-12  1.01E-07  4.31E-26      6.10
    70     2    0  1.400E-01  2.00E-03  1.13E-02  2.14E-12  1.06E-07  3.10E-26      6.17
    71     2    0  1.420E-01  2.00E-03  1.15E-02  3.61E-12  1.10E-07  5.91E-26      6.23
    72     2    0  1.440E-01  2.00E-03  1.17E-02  2.55E-12  1.15E-07  3.50E-26      6.30
    73     2    0  1.460E-01  2.00E-03  1.20E-02  3.39E-12  1.20E-07  6.42E-26      6.36
    74     2    0  1.480E-01  2.00E-03  1.22E-02  3.52E-12  1.25E-07  7.36E-26      6.42
    75     2    0  1.500E-01  2.00E-03  1.25E-02  4.36E-12  1.30E-07  1.02E-25      6.49
    76     2    0  1.520E-01  2.00E-03  1.27E-02  1.89E-12  1.36E-07  2.97E-26      6.55
    77     2    0  1.540E-01  2.00E-03  1.30E-02  2.26E-12  1.41E-07  3.95E-26      6.62
    78     2    0  1.560E-01  2.00E-03  1.33E-02  2.97E-12  1.47E-07  5.20E-26      6.68
    79     2    0  1.580E-01  2.00E-03  1.35E-02  2.27E-12  1.53E-07  3.70E-26      6.75
    80     2    0  1.600E-01  2.00E-03  1.38E-02  3.14E-12  1.59E-07  5.71E-26      6.81
    81     2    0  1.620E-01  2.00E-03  1.40E-02  2.78E-12  1.65E-07  5.18E-26      6.88
    82     2    0  1.640E-01  2.00E-03  1.43E-02  2.16E-12  1.71E-07  3.86E-26      6.94
    83     2    0  1.660E-01  2.00E-03  1.45E-02  1.95E-12  1.77E-07  4.06E-26      7.00
    84     2    0  1.680E-01  2.00E-03  1.48E-02  2.69E-12  1.84E-07  6.75E-26      7.07
    85     2    0  1.700E-01  2.00E-03  1.51E-02  2.44E-12  1.91E-07  5.37E-26      7.13
    86     2    0  1.720E-01  2.00E-03  1.53E-02  2.99E-12  1.98E-07  6.32E-26      7.19
    87     2    0  1.740E-01  2.00E-03  1.56E-02  2.65E-12  2.05E-07  5.47E-26      7.26
    88     2    0  1.760E-01  2.00E-03  1.59E-02  2.53E-12  2.12E-07  4.83E-26      7.32
    89     2    0  1.780E-01  2.00E-03  1.62E-02  1.89E-12  2.19E-07  3.57E-26      7.38
    90     2    0  1.800E-01  2.00E-03  1.64E-02  1.86E-12  2.27E-07  3.48E-26      7.45
    91     2    0  1.820E-01  2.00E-03  1.67E-02  2.00E-12  2.35E-07  4.07E-26      7.52
    92     2    0  1.840E-01  2.00E-03  1.70E-02  2.19E-12  2.43E-07  4.44E-26      7.59
    93     2    0  1.860E-01  2.00E-03  1.72E-02  1.94E-12  2.51E-07  3.93E-26      7.66
    94     2    0  1.880E-01  2.00E-03  1.75E-02  2.11E-12  2.59E-07  4.39E-26      7.72
    95     2    0  1.900E-01  2.00E-03  1.78E-02  2.45E-12  2.67E-07  5.04E-26      7.79
    96     2    0  1.920E-01  2.00E-03  1.81E-02  2.91E-12  2.76E-07  6.96E-26      7.85
    97     2    0  1.940E-01  2.00E-03  1.84E-02  2.28E-12  2.85E-07  5.16E-26      7.92
    98     2    0  1.960E-01  2.00E-03  1.86E-02  1.78E-12  2.94E-07  3.81E-26      7.99
    99     2    0  1.980E-01  2.00E-03  1.89E-02  1.99E-12  3.03E-07  4.43E-26      8.05
   100     2    0  2.000E-01  2.00E-03  1.92E-02  1.86E-12  3.13E-07  4.07E-26      8.11
   101     2    0  2.020E-01  2.00E-03  1.95E-02  1.96E-12  3.22E-07  4.28E-26      8.17
   102     2    0  2.040E-01  2.00E-03  1.98E-02  1.76E-12  3.32E-07  4.09E-26      8.24
   103     2    0  2.060E-01  2.00E-03  2.01E-02  2.02E-12  3.42E-07  4.65E-26      8.30
   104     2    0  2.080E-01  2.00E-03  2.04E-02  1.71E-12  3.52E-07  3.88E-26      8.36
   105     2    0  2.100E-01  2.00E-03  2.07E-02  1.92E-12  3.63E-07  4.88E-26      8.43
   106     2    0  2.120E-01  2.00E-03  2.09E-02  1.84E-12  3.73E-07  4.23E-26      8.50
   107     2    0  2.140E-01  2.00E-03  2.12E-02  1.71E-12  3.84E-07  4.14E-26      8.56
   108     2    0  2.160E-01  2.00E-03  2.15E-02  1.76E-12  3.95E-07  4.36E-26      8.62
   109     2    0  2.180E-01  2.00E-03  2.18E-02  1.72E-12  4.06E-07  4.32E-26      8.68
   110     2    0  2.200E-01  2.00E-03  2.21E-02  1.71E-12  4.18E-07  4.29E-26      8.75
   111     2    0  2.220E-01  2.00E-03  2.24E-02  2.20E-12  4.29E-07  5.17E-26      8.81
   112     2    0  2.240E-01  2.00E-03  2.27E-02  2.32E-12  4.41E-07  5.11E-26      8.88
   113     2    0  2.260E-01  2.00E-03  2.30E-02  1.88E-12  4.53E-07  4.63E-26      8.95
   114     2    0  2.280E-01  2.00E-03  2.33E-02  1.95E-12  4.66E-07  4.97E-26      9.02
   115     2    0  2.300E-01  2.00E-03  2.36E-02  2.08E-12  4.78E-07  4.66E-26      9.09
   116     2    0  2.320E-01  2.00E-03  2.39E-02  1.78E-12  4.91E-07  4.49E-26      9.16
   117     2    0  2.340E-01  2.00E-03  2.42E-02  1.69E-12  5.04E-07  4.16E-26      9.22
   118     2    0  2.360E-01  2.00E-03  2.45E-02  1.75E-12  5.17E-07  4.61E-26      9.29
   119     2    0  2.380E-01  2.00E-03  2.49E-02  1.78E-12  5.31E-07  4.57E-26      9.35
   120     2    0  2.400E-01  2.00E-03  2.52E-02  1.74E-12  5.45E-07  4.62E-26      9.41
   121     2    0  2.421E-01  2.00E-03  2.55E-02  1.95E-12  5.59E-07  4.93E-26      9.48
   122     2    0  2.441E-01  2.00E-03  2.58E-02  1.77E-12  5.73E-07  4.77E-26      9.55
   123     2    0  2.461E-01  2.00E-03  2.61E-02  1.83E-12  5.88E-07  5.00E-26      9.62
   124     2    0  2.481E-01  2.00E-03  2.64E-02  1.85E-12  6.02E-07  4.99E-26      9.68
   125     2    0  2.501E-01  2.00E-03  2.67E-02  1.90E-12  6.17E-07  5.38E-26      9.75
   126     2    0  2.521E-01  2.00E-03  2.70E-02  3.12E-12  6.33E-07  8.87E-26      9.82
   127     2    0  2.541E-01  2.00E-03  2.74E-02  1.55E-12  6.48E-07  4.58E-26      9.89
   128     2    0  2.561E-01  2.00E-03  2.77E-02  1.84E-12  6.64E-07  5.52E-26      9.96
   129     2    0  2.581E-01  2.00E-03  2.80E-02  1.82E-12  6.80E-07  5.34E-26     10.05
   130     2    0  2.601E-01  2.00E-03  2.83E-02  1.24E-12  6.97E-07  4.26E-26     10.12
   131     2    0  2.621E-01  2.00E-03  2.86E-02  1.21E-12  7.13E-07  4.12E-26     10.18
   132     2    0  2.641E-01  2.00E-03  2.90E-02  1.38E-12  7.30E-07  4.26E-26     10.25
   133     2    0  2.661E-01  2.00E-03  2.93E-02  1.42E-12  7.48E-07  4.38E-26     10.31
   134     2    0  2.681E-01  2.00E-03  2.96E-02  1.46E-12  7.65E-07  4.32E-26     10.38
   135     2    0  2.701E-01  2.00E-03  2.99E-02  2.10E-12  7.83E-07  4.95E-26     10.45
   136     2    0  2.721E-01  2.00E-03  3.03E-02  2.03E-12  8.01E-07  4.78E-26     10.51
   137     2    0  2.741E-01  2.00E-03  3.06E-02  2.38E-12  8.20E-07  5.37E-26     10.58
   138     2    0  2.761E-01  2.00E-03  3.09E-02  2.72E-12  8.39E-07  5.75E-26     10.64
   139     2    0  2.781E-01  2.00E-03  3.13E-02  3.20E-12  8.58E-07  8.22E-26     10.71
   140     2    0  2.801E-01  2.00E-03  3.16E-02  2.91E-12  8.78E-07  7.72E-26     10.77
   141     2    0  2.821E-01  2.00E-03  3.19E-02  2.16E-12  8.97E-07  5.87E-26     10.84
   142     2    0  2.841E-01  2.00E-03  3.23E-02  2.41E-12  9.18E-07  7.00E-26     10.90
   143     2    0  2.861E-01  2.00E-03  3.26E-02  1.38E-12  9.38E-07  4.86E-26     10.96
   144     2    0  2.881E-01  2.00E-03  3.29E-02  1.26E-12  9.59E-07  4.86E-26     11.02
   145     2    0  2.901E-01  2.00E-03  3.33E-02  1.26E-12  9.80E-07  5.16E-26     11.09
   146     2    0  2.921E-01  2.00E-03  3.36E-02  1.20E-12  1.00E-06  4.89E-26     11.15
   147     2    0  2.941E-01  2.00E-03  3.40E-02  1.15E-12  1.02E-06  4.99E-26     11.21
   148     2    0  2.961E-01  2.00E-03  3.43E-02  1.27E-12  1.05E-06  5.21E-26     11.28
   149     2    0  2.981E-01  2.00E-03  3.47E-02  1.38E-12  1.07E-06  5.42E-26     11.34
   150     2    0  3.001E-01  2.00E-03  3.50E-02  1.14E-12  1.09E-06  5.30E-26     11.40
   151     2    0  3.021E-01  2.00E-03  3.54E-02  1.18E-12  1.11E-06  5.46E-26     11.47
   152     2    0  3.041E-01  2.00E-03  3.57E-02  1.13E-12  1.14E-06  5.61E-26     11.53
   153     2    0  3.061E-01  2.00E-03  3.61E-02  1.12E-12  1.16E-06  5.77E-26     11.59
   154     2    0  3.081E-01  2.00E-03  3.64E-02  1.18E-12  1.19E-06  5.98E-26     11.66
   155     2    0  3.101E-01  2.00E-03  3.68E-02  1.31E-12  1.21E-06  6.31E-26     11.73
   156     2    0  3.121E-01  2.00E-03  3.71E-02  1.35E-12  1.23E-06  6.37E-26     11.79
   157     2    0  3.141E-01  2.00E-03  3.75E-02  1.01E-12  1.26E-06  6.35E-26     11.85
   158     2    0  3.161E-01  2.00E-03  3.78E-02  1.11E-12  1.29E-06  6.54E-26     11.91
   159     2    0  3.181E-01  2.00E-03  3.82E-02  1.15E-12  1.31E-06  6.73E-26     11.98
   160     2    0  3.201E-01  2.00E-03  3.85E-02  1.16E-12  1.34E-06  6.92E-26     12.04
   161     2    0  3.221E-01  2.00E-03  3.89E-02  1.13E-12  1.36E-06  7.03E-26     12.10
   162     2    0  3.241E-01  2.00E-03  3.92E-02  1.16E-12  1.39E-06  7.23E-26     12.17
   163     2    0  3.261E-01  2.00E-03  3.96E-02  1.12E-12  1.42E-06  7.41E-26     12.23
   164     2    0  3.281E-01  2.00E-03  4.00E-02  1.16E-12  1.44E-06  7.61E-26     12.29
   165     2    0  3.301E-01  2.00E-03  4.03E-02  1.20E-12  1.47E-06  7.81E-26     12.36
   166     2    0  3.321E-01  2.00E-03  4.07E-02  1.07E-12  1.50E-06  7.98E-26     12.42
   167     2    0  3.341E-01  2.00E-03  4.10E-02  1.11E-12  1.53E-06  8.20E-26     12.48
   168     2    0  3.361E-01  2.00E-03  4.14E-02  1.22E-12  1.56E-06  8.40E-26     12.55
   169     2    0  3.381E-01  2.00E-03  4.18E-02  1.05E-12  1.59E-06  8.51E-26     12.61
   170     2    0  3.401E-01  2.00E-03  4.21E-02  1.08E-12  1.62E-06  8.68E-26     12.67
   171     2    0  3.421E-01  2.00E-03  4.25E-02  1.05E-12  1.64E-06  8.87E-26     12.73
   172     2    0  3.441E-01  2.00E-03  4.29E-02  1.14E-12  1.67E-06  9.14E-26     12.80
   173     2    0  3.461E-01  2.00E-03  4.32E-02  1.14E-12  1.70E-06  9.38E-26     12.86
   174     2    0  3.481E-01  2.00E-03  4.36E-02  1.73E-12  1.73E-06  1.01E-25     12.92
   175     2    0  3.501E-01  2.00E-03  4.39E-02  1.11E-12  1.76E-06  9.85E-26     12.98
   176     2    0  3.521E-01  2.00E-03  4.43E-02  1.04E-12  1.80E-06  1.01E-25     13.05
   177     2    0  3.541E-01  2.00E-03  4.47E-02  1.08E-12  1.83E-06  1.04E-25     13.11
   178     2    0  3.561E-01  2.00E-03  4.50E-02  1.11E-12  1.86E-06  1.06E-25     13.17
   179     2    0  3.581E-01  2.00E-03  4.54E-02  1.07E-12  1.89E-06  1.09E-25     13.24
   180     2    0  3.601E-01  2.00E-03  4.58E-02  1.03E-12  1.92E-06  1.12E-25     13.30
   181     2    0  3.621E-01  2.00E-03  4.61E-02  1.08E-12  1.95E-06  1.15E-25     13.36
   182     2    0  3.641E-01  2.00E-03  4.65E-02  1.46E-12  1.99E-06  1.20E-25     13.42
   183     2    0  3.661E-01  2.00E-03  4.69E-02  1.17E-12  2.02E-06  1.20E-25     13.49
   184     2    0  3.681E-01  2.00E-03  4.72E-02  1.09E-12  2.05E-06  1.22E-25     13.55
   185     2    0  3.701E-01  2.00E-03  4.76E-02  1.14E-12  2.08E-06  1.25E-25     13.61
   186     2    0  3.721E-01  2.00E-03  4.80E-02  1.14E-12  2.12E-06  1.28E-25     13.68
   187     2    0  3.741E-01  2.00E-03  4.83E-02  1.06E-12  2.15E-06  1.30E-25     13.74
   188     2    0  3.761E-01  2.00E-03  4.87E-02  1.12E-12  2.19E-06  1.33E-25     13.80
   189     2    0  3.781E-01  2.00E-03  4.91E-02  1.21E-12  2.22E-06  1.37E-25     13.86
   190     2    0  3.801E-01  2.00E-03  4.94E-02  1.05E-12  2.25E-06  1.39E-25     13.93
   191     2    0  3.821E-01  2.00E-03  4.98E-02  1.08E-12  2.29E-06  1.42E-25     13.99
   192     2    0  3.841E-01  2.00E-03  5.02E-02  1.05E-12  2.32E-06  1.46E-25     14.05
   193     2    0  3.861E-01  2.00E-03  5.05E-02  9.92E-13  2.36E-06  1.48E-25     14.12
   194     2    0  3.881E-01  2.00E-03  5.09E-02  1.67E-12  2.39E-06  1.57E-25     14.18
   195     2    0  3.901E-01  2.00E-03  5.13E-02  1.07E-12  2.43E-06  1.54E-25     14.24
   196     2    0  3.921E-01  2.00E-03  5.16E-02  1.11E-12  2.46E-06  1.57E-25     14.30
   197     2    0  3.941E-01  2.00E-03  5.20E-02  1.12E-12  2.50E-06  1.60E-25     14.37
   198     2    0  3.961E-01  2.00E-03  5.23E-02  1.15E-12  2.53E-06  1.63E-25     14.43
   199     2    0  3.981E-01  2.00E-03  5.27E-02  1.15E-12  2.57E-06  1.66E-25     14.49
   200     2    0  4.001E-01  2.00E-03  5.31E-02  1.11E-12  2.61E-06  1.70E-25     14.56
   201     2    0  4.021E-01  2.00E-03  5.34E-02  1.01E-12  2.64E-06  1.73E-25     14.62
   202     2    0  4.041E-01  2.00E-03  5.38E-02  1.09E-12  2.68E-06  1.77E-25     14.69
   203     2    0  4.061E-01  2.00E-03  5.42E-02  1.15E-12  2.72E-06  1.81E-25     14.75
   204     2    0  4.081E-01  2.00E-03  5.45E-02  1.10E-12  2.75E-06  1.85E-25     14.81
   205     2    0  4.101E-01  2.00E-03  5.49E-02  1.20E-12  2.79E-06  1.88E-25     14.88
   206     2    0  4.121E-01  2.00E-03  5.53E-02  1.01E-12  2.83E-06  1.91E-25     14.94
   207     2    0  4.141E-01  2.00E-03  5.56E-02  1.09E-12  2.87E-06  1.95E-25     15.01
   208     2    0  4.161E-01  2.00E-03  5.60E-02  1.09E-12  2.90E-06  1.99E-25     15.07
   209     2    0  4.181E-01  2.00E-03  5.63E-02  1.09E-12  2.94E-06  2.02E-25     15.14
   210     2    0  4.201E-01  2.00E-03  5.67E-02  1.12E-12  2.98E-06  2.06E-25     15.21
   211     2    0  4.221E-01  2.00E-03  5.70E-02  1.06E-12  3.02E-06  2.09E-25     15.27
   212     2    0  4.241E-01  2.00E-03  5.74E-02  1.13E-12  3.05E-06  2.13E-25     15.34
   213     2    0  4.261E-01  2.00E-03  5.78E-02  1.06E-12  3.09E-06  2.17E-25     15.40
   214     2    0  4.281E-01  2.00E-03  5.81E-02  1.09E-12  3.13E-06  2.22E-25     15.47
   215     2    0  4.301E-01  2.00E-03  5.85E-02  1.05E-12  3.17E-06  2.25E-25     15.53
   216     2    0  4.321E-01  2.00E-03  5.88E-02  1.02E-12  3.21E-06  2.30E-25     15.59
   217     2    0  4.341E-01  2.00E-03  5.92E-02  1.03E-12  3.25E-06  2.34E-25     15.66
   218     2    0  4.361E-01  2.00E-03  5.95E-02  1.05E-12  3.28E-06  2.39E-25     15.72
   219     2    0  4.381E-01  2.00E-03  5.99E-02  1.16E-12  3.32E-06  2.43E-25     15.78
   220     2    0  4.401E-01  2.00E-03  6.02E-02  1.11E-12  3.36E-06  2.47E-25     15.85
   221     2    0  4.421E-01  2.00E-03  6.06E-02  1.15E-12  3.40E-06  2.51E-25     15.92
   222     2    0  4.441E-01  2.00E-03  6.10E-02  1.03E-12  3.44E-06  2.55E-25     15.98
   223     2    0  4.461E-01  2.00E-03  6.13E-02  1.13E-12  3.48E-06  2.60E-25     16.04
   224     2    0  4.481E-01  2.00E-03  6.17E-02  1.06E-12  3.52E-06  2.64E-25     16.10
   225     2    0  4.501E-01  2.00E-03  6.20E-02  1.05E-12  3.56E-06  2.69E-25     16.17
   226     2    0  4.521E-01  2.00E-03  6.23E-02  1.03E-12  3.60E-06  2.74E-25     16.24
   227     2    0  4.541E-01  2.00E-03  6.27E-02  1.15E-12  3.64E-06  2.80E-25     16.32
   228     2    0  4.561E-01  2.00E-03  6.30E-02  1.07E-12  3.68E-06  2.86E-25     16.40
   229     2    0  4.581E-01  2.00E-03  6.34E-02  1.21E-12  3.72E-06  2.91E-25     16.47
   230     2    0  4.601E-01  2.00E-03  6.37E-02  1.06E-12  3.76E-06  2.97E-25     16.54
   231     2    0  4.621E-01  2.00E-03  6.41E-02  1.05E-12  3.79E-06  3.03E-25     16.62
   232     2    0  4.641E-01  2.00E-03  6.44E-02  1.11E-12  3.83E-06  3.10E-25     16.71
   233     2    0  4.661E-01  2.00E-03  6.47E-02  1.16E-12  3.87E-06  3.16E-25     16.82
   234     2    0  4.681E-01  2.00E-03  6.51E-02  1.10E-12  3.91E-06  3.22E-25     16.90
   235     2    0  4.701E-01  2.00E-03  6.54E-02  1.01E-12  3.95E-06  3.27E-25     17.03
   236     2    0  4.721E-01  2.00E-03  6.58E-02  1.10E-12  3.99E-06  3.33E-25     17.14
   237     2    0  4.741E-01  2.00E-03  6.61E-02  1.07E-12  4.03E-06  3.39E-25     17.22
   238     2    0  4.761E-01  2.00E-03  6.64E-02  1.18E-12  4.07E-06  3.45E-25     17.30
   239     2    0  4.781E-01  2.00E-03  6.68E-02  1.01E-12  4.11E-06  3.51E-25     17.36
   240     2    0  4.801E-01  2.00E-03  6.71E-02  1.03E-12  4.15E-06  3.58E-25     17.42
   241     2    0  4.821E-01  2.00E-03  6.74E-02  1.05E-12  4.19E-06  3.64E-25     17.48
   242     2    0  4.841E-01  2.00E-03  6.77E-02  1.17E-12  4.23E-06  3.71E-25     17.55
   243     2    0  4.861E-01  2.00E-03  6.81E-02  1.11E-12  4.27E-06  3.78E-25     17.61
   244     2    0  4.881E-01  2.00E-03  6.84E-02  1.10E-12  4.31E-06  3.85E-25     17.67
   245     2    0  4.901E-01  2.00E-03  6.87E-02  1.09E-12  4.35E-06  3.93E-25     17.74
   246     2    0  4.921E-01  2.00E-03  6.90E-02  1.12E-12  4.39E-06  4.00E-25     17.82
   247     2    0  4.941E-01  2.00E-03  6.94E-02  1.10E-12  4.43E-06  4.08E-25     17.89
   248     2    0  4.961E-01  2.00E-03  6.97E-02  1.07E-12  4.47E-06  4.15E-25     17.96
   249     2    0  4.981E-01  2.00E-03  7.00E-02  1.11E-12  4.51E-06  4.23E-25     18.02
   250     2    0  5.001E-01  2.00E-03  7.03E-02  9.55E-13  4.55E-06  4.30E-25     18.09
   251     2    0  5.021E-01  2.00E-03  7.06E-02  1.07E-12  4.59E-06  4.39E-25     18.15
   252     2    0  5.041E-01  2.00E-03  7.09E-02  1.08E-12  4.63E-06  4.47E-25     18.22
   253     2    0  5.061E-01  2.00E-03  7.12E-02  1.13E-12  4.67E-06  4.57E-25     18.28
   254     2    0  5.081E-01  2.00E-03  7.15E-02  1.14E-12  4.71E-06  4.66E-25     18.35
   255     2    0  5.101E-01  2.00E-03  7.19E-02  1.03E-12  4.74E-06  4.75E-25     18.41
   256     2    0  5.121E-01  2.00E-03  7.22E-02  1.16E-12  4.78E-06  4.86E-25     18.47
   257     2    0  5.141E-01  2.00E-03  7.25E-02  1.07E-12  4.82E-06  4.96E-25     18.54
   258     2    0  5.161E-01  2.00E-03  7.28E-02  1.16E-12  4.86E-06  5.07E-25     18.60
   259     2    0  5.181E-01  2.00E-03  7.30E-02  1.08E-12  4.90E-06  5.19E-25     18.66
   260     2    0  5.201E-01  2.00E-03  7.33E-02  1.03E-12  4.94E-06  5.30E-25     18.72
   261     2    0  5.221E-01  2.00E-03  7.36E-02  1.04E-12  4.98E-06  5.42E-25     18.78
   262     2    0  5.241E-01  2.00E-03  7.39E-02  1.08E-12  5.02E-06  5.54E-25     18.85
   263     2    0  5.261E-01  2.00E-03  7.42E-02  1.05E-12  5.05E-06  5.66E-25     18.91
   264     2    0  5.281E-01  2.00E-03  7.45E-02  1.09E-12  5.09E-06  5.79E-25     18.98
   265     2    0  5.301E-01  2.00E-03  7.48E-02  1.12E-12  5.13E-06  5.92E-25     19.05
   266     2    0  5.321E-01  2.00E-03  7.50E-02  1.11E-12  5.17E-06  6.05E-25     19.12
   267     2    0  5.341E-01  2.00E-03  7.53E-02  1.15E-12  5.21E-06  6.18E-25     19.19
   268     2    0  5.361E-01  2.00E-03  7.56E-02  9.93E-13  5.24E-06  6.31E-25     19.25
   269     2    0  5.381E-01  2.00E-03  7.59E-02  1.13E-12  5.28E-06  6.44E-25     19.32
   270     2    0  5.401E-01  2.00E-03  7.61E-02  1.07E-12  5.32E-06  6.56E-25     19.39
   271     2    0  5.421E-01  2.00E-03  7.64E-02  1.09E-12  5.35E-06  6.68E-25     19.46
   272     2    0  5.441E-01  2.00E-03  7.66E-02  1.12E-12  5.39E-06  6.80E-25     19.54
   273     2    0  5.461E-01  2.00E-03  7.69E-02  1.06E-12  5.43E-06  6.91E-25     19.65
   274     2    0  5.481E-01  2.00E-03  7.72E-02  1.09E-12  5.46E-06  7.02E-25     19.74
   275     2    0  5.501E-01  2.00E-03  7.74E-02  1.10E-12  5.50E-06  7.12E-25     19.82
   276     2    0  5.521E-01  2.00E-03  7.77E-02  1.09E-12  5.53E-06  7.21E-25     19.88
   277     2    0  5.541E-01  2.00E-03  7.79E-02  1.09E-12  5.57E-06  7.31E-25     19.95
   278     2    0  5.561E-01  2.00E-03  7.82E-02  1.06E-12  5.61E-06  7.40E-25     20.02
   279     2    0  5.581E-01  2.00E-03  7.84E-02  1.13E-12  5.64E-06  7.50E-25     20.09
   280     2    0  5.601E-01  2.00E-03  7.86E-02  1.06E-12  5.67E-06  7.59E-25     20.15
   281     2    0  5.621E-01  2.00E-03  7.89E-02  1.06E-12  5.71E-06  7.67E-25     20.22
   282     2    0  5.641E-01  2.00E-03  7.91E-02  1.04E-12  5.74E-06  7.76E-25     20.30
   283     2    0  5.661E-01  2.00E-03  7.93E-02  1.06E-12  5.78E-06  7.85E-25     20.38
   284     2    0  5.681E-01  2.00E-03  7.96E-02  1.09E-12  5.81E-06  7.93E-25     20.44
   285     2    0  5.701E-01  2.00E-03  7.98E-02  9.89E-13  5.84E-06  8.01E-25     20.50
   286     2    0  5.721E-01  2.00E-03  8.00E-02  1.06E-12  5.88E-06  8.08E-25     20.56
   287     2    0  5.741E-01  2.00E-03  8.02E-02  1.16E-12  5.91E-06  8.15E-25     20.63
   288     2    0  5.761E-01  2.00E-03  8.04E-02  1.09E-12  5.94E-06  8.21E-25     20.69
   289     2    0  5.781E-01  2.00E-03  8.06E-02  1.07E-12  5.97E-06  8.26E-25     20.75
   290     2    0  5.801E-01  2.00E-03  8.09E-02  1.10E-12  6.00E-06  8.32E-25     20.82
   291     2    0  5.821E-01  2.00E-03  8.11E-02  1.04E-12  6.04E-06  8.37E-25     20.88
   292     2    0  5.841E-01  2.00E-03  8.13E-02  1.29E-12  6.07E-06  8.42E-25     20.94
   293     2    0  5.861E-01  2.00E-03  8.15E-02  1.08E-12  6.10E-06  8.46E-25     21.00
   294     2    0  5.881E-01  2.00E-03  8.16E-02  1.06E-12  6.13E-06  8.50E-25     21.06
   295     2    0  5.901E-01  2.00E-03  8.18E-02  1.07E-12  6.16E-06  8.56E-25     21.13
   296     2    0  5.921E-01  2.00E-03  8.20E-02  1.05E-12  6.19E-06  8.58E-25     21.19
   297     2    0  5.941E-01  2.00E-03  8.22E-02  1.08E-12  6.22E-06  8.61E-25     21.26
   298     2    0  5.961E-01  2.00E-03  8.24E-02  1.16E-12  6.25E-06  8.66E-25     21.33
   299     2    0  5.981E-01  2.00E-03  8.26E-02  1.03E-12  6.27E-06  8.68E-25     21.40
   300     2    0  6.001E-01  2.00E-03  8.27E-02  1.14E-12  6.30E-06  8.70E-25     21.47
   301     2    0  6.021E-01  2.00E-03  8.29E-02  1.09E-12  6.33E-06  8.73E-25     21.54
   302     2    0  6.041E-01  2.00E-03  8.31E-02  1.12E-12  6.36E-06  8.75E-25     21.60
   303     2    0  6.061E-01  2.00E-03  8.32E-02  1.15E-12  6.38E-06  8.76E-25     21.67
   304     2    0  6.081E-01  2.00E-03  8.34E-02  1.05E-12  6.41E-06  8.78E-25     21.74
   305     2    0  6.101E-01  2.00E-03  8.35E-02  1.07E-12  6.44E-06  8.79E-25     21.80
   306     2    0  6.121E-01  2.00E-03  8.37E-02  1.18E-12  6.46E-06  8.81E-25     21.86
   307     2    0  6.141E-01  2.00E-03  8.38E-02  1.08E-12  6.49E-06  8.82E-25     21.93
   308     2    0  6.161E-01  2.00E-03  8.40E-02  1.04E-12  6.51E-06  8.83E-25     21.99
   309     2    0  6.181E-01  2.00E-03  8.41E-02  1.12E-12  6.54E-06  8.85E-25     22.06
   310     2    0  6.201E-01  2.00E-03  8.42E-02  1.11E-12  6.56E-06  8.86E-25     22.13
   311     2    0  6.221E-01  2.00E-03  8.44E-02  1.12E-12  6.59E-06  8.87E-25     22.20
   312     2    0  6.241E-01  2.00E-03  8.45E-02  1.14E-12  6.61E-06  8.87E-25     22.26
   313     2    0  6.261E-01  2.00E-03  8.46E-02  1.11E-12  6.63E-06  8.87E-25     22.32
   314     2    0  6.281E-01  2.00E-03  8.48E-02  1.03E-12  6.66E-06  8.87E-25     22.38
   315     2    0  6.301E-01  2.00E-03  8.49E-02  1.06E-12  6.68E-06  8.85E-25     22.45
   316     2    0  6.321E-01  2.00E-03  8.50E-02  1.10E-12  6.70E-06  8.84E-25     22.51
   317     2    0  6.341E-01  2.00E-03  8.51E-02  1.09E-12  6.72E-06  8.83E-25     22.57
   318     2    0  6.361E-01  2.00E-03  8.52E-02  1.13E-12  6.75E-06  8.83E-25     22.64
   319     2    0  6.381E-01  2.00E-03  8.53E-02  1.03E-12  6.77E-06  8.79E-25     22.70
   320     2    0  6.401E-01  2.00E-03  8.54E-02  1.07E-12  6.79E-06  8.78E-25     22.77
   321     2    0  6.421E-01  2.00E-03  8.55E-02  1.09E-12  6.81E-06  8.77E-25     22.83
   322     2    0  6.441E-01  2.00E-03  8.56E-02  1.19E-12  6.83E-06  8.77E-25     22.90
   323     2    0  6.461E-01  2.00E-03  8.57E-02  1.03E-12  6.85E-06  8.75E-25     22.96
   324     2    0  6.481E-01  2.00E-03  8.58E-02  1.11E-12  6.87E-06  8.74E-25     23.02
   325     2    0  6.501E-01  2.00E-03  8.59E-02  1.17E-12  6.88E-06  8.73E-25     23.08
   326     2    0  6.521E-01  2.00E-03  8.60E-02  1.07E-12  6.90E-06  8.71E-25     23.15
   327     2    0  6.541E-01  2.00E-03  8.61E-02  1.10E-12  6.92E-06  8.69E-25     23.21
   328     2    0  6.561E-01  2.00E-03  8.61E-02  1.04E-12  6.94E-06  8.67E-25     23.27
   329     2    0  6.581E-01  2.00E-03  8.62E-02  1.09E-12  6.96E-06  8.64E-25     23.35
   330     2    0  6.601E-01  2.00E-03  8.63E-02  1.11E-12  6.97E-06  8.61E-25     23.42
   331     2    0  6.621E-01  2.00E-03  8.64E-02  1.11E-12  6.99E-06  8.58E-25     23.48
   332     2    0  6.641E-01  2.00E-03  8.64E-02  1.13E-12  7.01E-06  8.55E-25     23.55
   333     2    0  6.661E-01  2.00E-03  8.65E-02  1.13E-12  7.02E-06  8.52E-25     23.61
   334     2    0  6.681E-01  2.00E-03  8.66E-02  1.16E-12  7.04E-06  8.48E-25     23.67
   335     2    0  6.701E-01  2.00E-03  8.66E-02  1.11E-12  7.05E-06  8.46E-25     23.75
   336     2    0  6.721E-01  2.00E-03  8.67E-02  1.12E-12  7.07E-06  8.42E-25     23.81
   337     2    0  6.741E-01  2.00E-03  8.67E-02  1.09E-12  7.08E-06  8.40E-25     23.88
   338     2    0  6.761E-01  2.00E-03  8.68E-02  1.08E-12  7.10E-06  8.37E-25     23.96
   339     2    0  6.781E-01  2.00E-03  8.68E-02  1.05E-12  7.11E-06  8.35E-25     24.02
   340     2    0  6.801E-01  2.00E-03  8.69E-02  1.05E-12  7.12E-06  8.32E-25     24.08
   341     2    0  6.821E-01  2.00E-03  8.69E-02  1.09E-12  7.14E-06  8.29E-25     24.15
   342     2    0  6.841E-01  2.00E-03  8.70E-02  1.04E-12  7.15E-06  8.25E-25     24.21
   343     2    0  6.861E-01  2.00E-03  8.70E-02  1.03E-12  7.16E-06  8.20E-25     24.28
   344     2    0  6.881E-01  2.00E-03  8.71E-02  1.19E-12  7.17E-06  8.17E-25     24.34
   345     2    0  6.901E-01  2.00E-03  8.71E-02  1.08E-12  7.19E-06  8.12E-25     24.40
   346     2    0  6.921E-01  2.00E-03  8.71E-02  1.17E-12  7.20E-06  8.08E-25     24.47
   347     2    0  6.941E-01  2.00E-03  8.71E-02  1.14E-12  7.21E-06  8.04E-25     24.53
   348     2    0  6.961E-01  2.00E-03  8.72E-02  1.11E-12  7.22E-06  7.99E-25     24.59
   349     2    0  6.981E-01  2.00E-03  8.72E-02  1.14E-12  7.23E-06  7.95E-25     24.65
   350     2    0  7.001E-01  2.00E-03  8.72E-02  1.06E-12  7.24E-06  7.92E-25     24.71
   351     2    0  7.021E-01  2.00E-03  8.72E-02  1.09E-12  7.25E-06  7.90E-25     24.78
   352     2    0  7.041E-01  2.00E-03  8.73E-02  1.14E-12  7.26E-06  7.84E-25     24.84
   353     2    0  7.061E-01  2.00E-03  8.73E-02  1.14E-12  7.27E-06  7.80E-25     24.90
   354     2    0  7.081E-01  2.00E-03  8.73E-02  1.12E-12  7.28E-06  7.76E-25     24.96
   355     2    0  7.101E-01  2.00E-03  8.73E-02  1.11E-12  7.28E-06  7.71E-25     25.03
   356     2    0  7.121E-01  2.00E-03  8.73E-02  1.05E-12  7.29E-06  7.65E-25     25.09
   357     2    0  7.141E-01  2.00E-03  8.73E-02  1.04E-12  7.30E-06  7.59E-25     25.15
   358     2    0  7.161E-01  2.00E-03  8.73E-02  1.13E-12  7.31E-06  7.54E-25     25.22
   359     2    0  7.181E-01  2.00E-03  8.73E-02  1.10E-12  7.31E-06  7.49E-25     25.28
   360     2    0  7.201E-01  2.00E-03  8.73E-02  1.17E-12  7.32E-06  7.43E-25     25.34
   361     2    0  7.222E-01  2.00E-03  8.73E-02  1.16E-12  7.33E-06  7.38E-25     25.40
   362     2    0  7.242E-01  2.00E-03  8.73E-02  1.14E-12  7.33E-06  7.32E-25     25.47
   363     2    0  7.262E-01  2.00E-03  8.73E-02  1.12E-12  7.34E-06  7.27E-25     25.54
   364     2    0  7.282E-01  2.00E-03  8.73E-02  1.03E-12  7.34E-06  7.22E-25     25.62
   365     2    0  7.302E-01  2.00E-03  8.73E-02  1.13E-12  7.35E-06  7.17E-25     25.68
   366     2    0  7.322E-01  2.00E-03  8.73E-02  1.06E-12  7.35E-06  7.12E-25     25.74
   367     2    0  7.342E-01  2.00E-03  8.73E-02  1.12E-12  7.36E-06  7.06E-25     25.81
   368     2    0  7.362E-01  2.00E-03  8.73E-02  1.11E-12  7.36E-06  7.00E-25     25.88
   369     2    0  7.382E-01  2.00E-03  8.73E-02  1.10E-12  7.37E-06  6.94E-25     25.94
   370     2    0  7.402E-01  2.00E-03  8.73E-02  1.08E-12  7.37E-06  6.88E-25     26.01
   371     2    0  7.422E-01  2.00E-03  8.73E-02  1.16E-12  7.38E-06  6.83E-25     26.08
   372     2    0  7.442E-01  2.00E-03  8.72E-02  1.16E-12  7.38E-06  6.76E-25     26.14
   373     2    0  7.462E-01  2.00E-03  8.72E-02  1.10E-12  7.38E-06  6.70E-25     26.21
   374     2    0  7.482E-01  2.00E-03  8.72E-02  1.11E-12  7.38E-06  6.64E-25     26.28
   375     2    0  7.502E-01  2.00E-03  8.72E-02  1.11E-12  7.39E-06  6.58E-25     26.36
   376     2    0  7.522E-01  2.00E-03  8.71E-02  1.13E-12  7.39E-06  6.54E-25     26.44
   377     2    0  7.542E-01  2.00E-03  8.71E-02  1.04E-12  7.39E-06  6.48E-25     26.51
   378     2    0  7.562E-01  2.00E-03  8.71E-02  1.02E-12  7.39E-06  6.43E-25     26.57
   379     2    0  7.582E-01  2.00E-03  8.71E-02  1.16E-12  7.39E-06  6.39E-25     26.64
   380     2    0  7.602E-01  2.00E-03  8.70E-02  1.23E-12  7.40E-06  6.34E-25     26.71
   381     2    0  7.622E-01  2.00E-03  8.70E-02  1.12E-12  7.40E-06  6.29E-25     26.78
   382     2    0  7.642E-01  2.00E-03  8.70E-02  1.09E-12  7.40E-06  6.23E-25     26.86
   383     2    0  7.662E-01  2.00E-03  8.69E-02  1.16E-12  7.40E-06  6.18E-25     26.93
   384     2    0  7.682E-01  2.00E-03  8.69E-02  1.07E-12  7.40E-06  6.13E-25     26.99
   385     2    0  7.702E-01  2.00E-03  8.69E-02  1.10E-12  7.40E-06  6.08E-25     27.05
   386     2    0  7.722E-01  2.00E-03  8.68E-02  1.15E-12  7.40E-06  6.05E-25     27.11
   387     2    0  7.742E-01  2.00E-03  8.68E-02  1.16E-12  7.40E-06  5.99E-25     27.18
   388     2    0  7.762E-01  2.00E-03  8.68E-02  1.12E-12  7.40E-06  5.95E-25     27.24
   389     2    0  7.782E-01  2.00E-03  8.67E-02  1.09E-12  7.39E-06  5.91E-25     27.31
   390     2    0  7.802E-01  2.00E-03  8.67E-02  1.18E-12  7.39E-06  5.89E-25     27.37
   391     2    0  7.822E-01  2.00E-03  8.66E-02  1.46E-12  7.39E-06  5.98E-25     27.43
   392     2    0  7.842E-01  2.00E-03  8.66E-02  1.13E-12  7.39E-06  5.80E-25     27.49
   393     2    0  7.862E-01  2.00E-03  8.65E-02  1.12E-12  7.39E-06  5.75E-25     27.56
   394     2    0  7.882E-01  2.00E-03  8.65E-02  1.18E-12  7.38E-06  5.72E-25     27.63
   395     2    0  7.902E-01  2.00E-03  8.65E-02  1.16E-12  7.38E-06  5.67E-25     27.70
   396     2    0  7.922E-01  2.00E-03  8.64E-02  1.12E-12  7.38E-06  5.58E-25     27.76
   397     2    0  7.942E-01  2.00E-03  8.64E-02  1.08E-12  7.38E-06  5.52E-25     27.82
   398     2    0  7.962E-01  2.00E-03  8.63E-02  1.17E-12  7.37E-06  5.46E-25     27.89
   399     2    0  7.982E-01  2.00E-03  8.63E-02  1.07E-12  7.37E-06  5.40E-25     27.95
   400     2    0  8.002E-01  2.00E-03  8.62E-02  1.04E-12  7.36E-06  5.34E-25     28.01
   401     2    0  8.022E-01  2.00E-03  8.62E-02  1.17E-12  7.36E-06  5.29E-25     28.08
   402     2    0  8.042E-01  2.00E-03  8.61E-02  1.20E-12  7.36E-06  5.23E-25     28.14
   403     2    0  8.062E-01  2.00E-03  8.61E-02  1.08E-12  7.35E-06  5.18E-25     28.20
   404     2    0  8.082E-01  2.00E-03  8.60E-02  1.11E-12  7.35E-06  5.13E-25     28.26
   405     2    0  8.102E-01  2.00E-03  8.60E-02  1.12E-12  7.34E-06  5.09E-25     28.32
   406     2    0  8.122E-01  2.00E-03  8.59E-02  1.03E-12  7.34E-06  5.03E-25     28.39
   407     2    0  8.142E-01  2.00E-03  8.58E-02  1.11E-12  7.33E-06  4.99E-25     28.47
   408     2    0  8.162E-01  2.00E-03  8.58E-02  1.08E-12  7.33E-06  4.94E-25     28.53
   409     2    0  8.182E-01  2.00E-03  8.57E-02  1.12E-12  7.32E-06  4.89E-25     28.59
   410     2    0  8.202E-01  2.00E-03  8.57E-02  1.24E-12  7.31E-06  4.85E-25     28.66
   411     2    0  8.222E-01  2.00E-03  8.56E-02  1.14E-12  7.31E-06  4.79E-25     28.72
   412     2    0  8.242E-01  2.00E-03  8.56E-02  1.05E-12  7.30E-06  4.73E-25     28.79
   413     2    0  8.262E-01  2.00E-03  8.55E-02  1.13E-12  7.29E-06  4.68E-25     28.85
   414     2    0  8.282E-01  2.00E-03  8.54E-02  1.30E-12  7.29E-06  4.66E-25     28.91
   415     2    0  8.302E-01  2.00E-03  8.54E-02  1.15E-12  7.28E-06  4.57E-25     28.98
   416     2    0  8.322E-01  2.00E-03  8.53E-02  1.06E-12  7.27E-06  4.52E-25     29.04
   417     2    0  8.342E-01  2.00E-03  8.53E-02  1.18E-12  7.27E-06  4.47E-25     29.11
   418     2    0  8.362E-01  2.00E-03  8.52E-02  1.29E-12  7.26E-06  4.43E-25     29.19
   419     2    0  8.382E-01  2.00E-03  8.51E-02  1.09E-12  7.25E-06  4.35E-25     29.27
   420     2    0  8.402E-01  2.00E-03  8.51E-02  1.03E-12  7.24E-06  4.29E-25     29.34
   421     2    0  8.422E-01  2.00E-03  8.50E-02  1.11E-12  7.23E-06  4.24E-25     29.42
   422     2    0  8.442E-01  2.00E-03  8.49E-02  1.14E-12  7.23E-06  4.18E-25     29.48
   423     2    0  8.462E-01  2.00E-03  8.49E-02  1.12E-12  7.22E-06  4.12E-25     29.54
   424     2    0  8.482E-01  2.00E-03  8.48E-02  1.04E-12  7.21E-06  4.06E-25     29.61
   425     2    0  8.502E-01  2.00E-03  8.47E-02  1.05E-12  7.20E-06  4.01E-25     29.67
   426     2    0  8.522E-01  2.00E-03  8.47E-02  1.08E-12  7.19E-06  3.96E-25     29.73
   427     2    0  8.542E-01  2.00E-03  8.46E-02  1.04E-12  7.18E-06  3.92E-25     29.79
   428     2    0  8.562E-01  2.00E-03  8.45E-02  1.06E-12  7.17E-06  3.87E-25     29.85
   429     2    0  8.582E-01  2.00E-03  8.45E-02  1.03E-12  7.17E-06  3.83E-25     29.91
   430     2    0  8.602E-01  2.00E-03  8.44E-02  1.03E-12  7.16E-06  3.79E-25     29.98
   431     2    0  8.622E-01  2.00E-03  8.43E-02  1.14E-12  7.15E-06  3.75E-25     30.05
   432     2    0  8.642E-01  2.00E-03  8.43E-02  1.08E-12  7.14E-06  3.71E-25     30.11
   433     2    0  8.662E-01  2.00E-03  8.42E-02  1.02E-12  7.13E-06  3.67E-25     30.18
   434     2    0  8.682E-01  2.00E-03  8.41E-02  1.02E-12  7.12E-06  3.63E-25     30.25
   435     2    0  8.702E-01  2.00E-03  8.41E-02  1.06E-12  7.11E-06  3.59E-25     30.32
   436     2    0  8.722E-01  2.00E-03  8.40E-02  1.10E-12  7.10E-06  3.56E-25     30.39
   437     2    0  8.742E-01  2.00E-03  8.39E-02  1.04E-12  7.09E-06  3.52E-25     30.45
   438     2    0  8.762E-01  2.00E-03  8.38E-02  1.07E-12  7.08E-06  3.49E-25     30.52
   439     2    0  8.782E-01  2.00E-03  8.38E-02  1.10E-12  7.07E-06  3.45E-25     30.58
   440     2    0  8.802E-01  2.00E-03  8.37E-02  1.06E-12  7.06E-06  3.42E-25     30.65
   441     2    0  8.822E-01  2.00E-03  8.36E-02  1.02E-12  7.05E-06  3.39E-25     30.71
   442     2    0  8.842E-01  2.00E-03  8.35E-02  1.14E-12  7.04E-06  3.36E-25     30.77
   443     2    0  8.862E-01  2.00E-03  8.35E-02  1.15E-12  7.03E-06  3.34E-25     30.84
   444     2    0  8.882E-01  2.00E-03  8.34E-02  1.17E-12  7.02E-06  3.30E-25     30.90
   445     2    0  8.902E-01  2.00E-03  8.33E-02  1.00E-12  7.01E-06  3.27E-25     30.96
   446     2    0  8.922E-01  2.00E-03  8.33E-02  1.11E-12  7.00E-06  3.24E-25     31.03
   447     2    0  8.942E-01  2.00E-03  8.32E-02  1.11E-12  6.98E-06  3.21E-25     31.10
   448     2    0  8.962E-01  2.00E-03  8.31E-02  1.11E-12  6.97E-06  3.17E-25     31.18
   449     2    0  8.982E-01  2.00E-03  8.30E-02  1.16E-12  6.96E-06  3.14E-25     31.24
   450     2    0  9.002E-01  2.00E-03  8.30E-02  1.09E-12  6.95E-06  3.10E-25     31.32
   451     2    0  9.022E-01  2.00E-03  8.29E-02  1.16E-12  6.94E-06  3.07E-25     31.40
   452     2    0  9.042E-01  2.00E-03  8.28E-02  1.08E-12  6.93E-06  3.04E-25     31.47
   453     2    0  9.062E-01  2.00E-03  8.27E-02  1.01E-12  6.92E-06  3.01E-25     31.54
   454     2    0  9.082E-01  2.00E-03  8.27E-02  1.06E-12  6.91E-06  2.98E-25     31.60
   455     2    0  9.102E-01  2.00E-03  8.26E-02  1.11E-12  6.90E-06  2.95E-25     31.67
   456     2    0  9.122E-01  2.00E-03  8.25E-02  1.09E-12  6.89E-06  2.93E-25     31.74
   457     2    0  9.142E-01  2.00E-03  8.24E-02  1.27E-12  6.87E-06  2.94E-25     31.80
   458     2    0  9.162E-01  2.00E-03  8.23E-02  1.05E-12  6.86E-06  2.88E-25     31.87
   459     2    0  9.182E-01  2.00E-03  8.23E-02  1.13E-12  6.85E-06  2.87E-25     31.94
   460     2    0  9.202E-01  2.00E-03  8.22E-02  1.03E-12  6.84E-06  2.84E-25     32.01
   461     2    0  9.222E-01  2.00E-03  8.21E-02  1.06E-12  6.83E-06  2.82E-25     32.08
   462     2    0  9.242E-01  2.00E-03  8.20E-02  1.11E-12  6.82E-06  2.79E-25     32.15
   463     2    0  9.262E-01  2.00E-03  8.20E-02  1.08E-12  6.81E-06  2.76E-25     32.21
   464     2    0  9.282E-01  2.00E-03  8.19E-02  1.04E-12  6.79E-06  2.74E-25     32.27
   465     2    0  9.302E-01  2.00E-03  8.18E-02  1.10E-12  6.78E-06  2.72E-25     32.34
   466     2    0  9.322E-01  2.00E-03  8.17E-02  1.23E-12  6.77E-06  2.75E-25     32.40
   467     2    0  9.342E-01  2.00E-03  8.16E-02  1.11E-12  6.76E-06  2.69E-25     32.46
   468     2    0  9.362E-01  2.00E-03  8.16E-02  1.12E-12  6.75E-06  2.66E-25     32.53
   469     2    0  9.382E-01  2.00E-03  8.15E-02  1.04E-12  6.74E-06  2.65E-25     32.62
   470     2    0  9.402E-01  2.00E-03  8.14E-02  1.13E-12  6.72E-06  2.66E-25     32.69
   471     2    0  9.422E-01  2.00E-03  8.13E-02  1.04E-12  6.71E-06  2.63E-25     32.77
   472     2    0  9.442E-01  2.00E-03  8.12E-02  1.09E-12  6.70E-06  2.62E-25     32.85
   473     2    0  9.462E-01  2.00E-03  8.11E-02  1.04E-12  6.69E-06  2.61E-25     32.92
   474     2    0  9.482E-01  2.00E-03  8.10E-02  1.05E-12  6.68E-06  2.59E-25     32.99
   475     2    0  9.502E-01  2.00E-03  8.10E-02  1.14E-12  6.66E-06  2.58E-25     33.06
   476     2    0  9.522E-01  2.00E-03  8.09E-02  1.08E-12  6.65E-06  2.57E-25     33.13
   477     2    0  9.542E-01  2.00E-03  8.08E-02  1.21E-12  6.64E-06  2.57E-25     33.20
   478     2    0  9.562E-01  2.00E-03  8.07E-02  1.25E-12  6.63E-06  2.57E-25     33.26
   479     2    0  9.582E-01  2.00E-03  8.06E-02  1.10E-12  6.61E-06  2.55E-25     33.33
   480     2    0  9.602E-01  2.00E-03  8.05E-02  1.07E-12  6.60E-06  2.54E-25     33.39
   481     2    0  9.622E-01  2.00E-03  8.04E-02  1.07E-12  6.59E-06  2.53E-25     33.45
   482     2    0  9.642E-01  2.00E-03  8.03E-02  1.06E-12  6.58E-06  2.53E-25     33.53
   483     2    0  9.662E-01  2.00E-03  8.03E-02  1.08E-12  6.56E-06  2.53E-25     33.59
   484     2    0  9.682E-01  2.00E-03  8.02E-02  1.11E-12  6.55E-06  2.52E-25     33.65
   485     2    0  9.702E-01  2.00E-03  8.01E-02  1.08E-12  6.54E-06  2.52E-25     33.72
   486     2    0  9.722E-01  2.00E-03  8.00E-02  1.08E-12  6.53E-06  2.52E-25     33.78
   487     2    0  9.742E-01  2.00E-03  7.99E-02  1.20E-12  6.51E-06  2.51E-25     33.85
   488     2    0  9.762E-01  2.00E-03  7.98E-02  1.07E-12  6.50E-06  2.50E-25     33.91
   489     2    0  9.782E-01  2.00E-03  7.97E-02  1.10E-12  6.49E-06  2.49E-25     33.97
   490     2    0  9.802E-01  2.00E-03  7.96E-02  1.11E-12  6.47E-06  2.48E-25     34.03
   491     2    0  9.822E-01  2.00E-03  7.95E-02  1.02E-12  6.46E-06  2.48E-25     34.09
   492     2    0  9.842E-01  2.00E-03  7.94E-02  1.10E-12  6.45E-06  2.48E-25     34.16
   493     2    0  9.862E-01  2.00E-03  7.93E-02  1.07E-12  6.44E-06  2.47E-25     34.22
   494     2    0  9.882E-01  2.00E-03  7.92E-02  1.04E-12  6.42E-06  2.47E-25     34.28
   495     2    0  9.902E-01  2.00E-03  7.91E-02  1.24E-12  6.41E-06  2.49E-25     34.35
   496     2    0  9.922E-01  2.00E-03  7.90E-02  1.04E-12  6.40E-06  2.46E-25     34.41
   497     2    0  9.942E-01  2.00E-03  7.89E-02  1.08E-12  6.38E-06  2.46E-25     34.48
   498     2    0  9.962E-01  2.00E-03  7.88E-02  1.11E-12  6.37E-06  2.45E-25     34.54
   499     2    0  9.982E-01  2.00E-03  7.87E-02  1.06E-12  6.35E-06  2.45E-25     34.61
   500     2    0  1.000E+00  2.00E-03  7.86E-02  1.07E-12  6.34E-06  2.44E-25     34.69
   501     2    0  1.002E+00  2.00E-03  7.85E-02  1.07E-12  6.33E-06  2.42E-25     34.80
   502     2    0  1.004E+00  2.00E-03  7.84E-02  1.18E-12  6.31E-06  2.38E-25     34.87
   503     2    0  1.006E+00  2.00E-03  7.83E-02  1.07E-12  6.30E-06  2.35E-25     34.94
   504     2    0  1.008E+00  2.00E-03  7.81E-02  1.06E-12  6.28E-06  2.30E-25     35.00
   505     2    0  1.010E+00  2.00E-03  7.80E-02  1.21E-12  6.27E-06  2.29E-25     35.08
   506     2    0  1.012E+00  2.00E-03  7.79E-02  1.02E-12  6.25E-06  2.24E-25     35.14
   507     2    0  1.014E+00  2.00E-03  7.78E-02  1.10E-12  6.23E-06  2.21E-25     35.20
   508     2    0  1.016E+00  2.00E-03  7.76E-02  1.10E-12  6.21E-06  2.17E-25     35.27
   509     2    0  1.018E+00  2.00E-03  7.75E-02  1.09E-12  6.20E-06  2.12E-25     35.33
   510     2    0  1.020E+00  2.00E-03  7.73E-02  1.07E-12  6.18E-06  2.07E-25     35.39
   511     2    0  1.022E+00  2.00E-03  7.72E-02  1.04E-12  6.16E-06  2.03E-25     35.46
   512     2    0  1.024E+00  2.00E-03  7.70E-02  1.03E-12  6.14E-06  1.99E-25     35.52
   513     2    0  1.026E+00  2.00E-03  7.69E-02  1.08E-12  6.12E-06  1.94E-25     35.59
   514     2    0  1.028E+00  2.00E-03  7.67E-02  1.05E-12  6.10E-06  1.89E-25     35.65
   515     2    0  1.030E+00  2.00E-03  7.66E-02  1.11E-12  6.08E-06  1.84E-25     35.72
   516     2    0  1.032E+00  2.00E-03  7.64E-02  1.12E-12  6.06E-06  1.78E-25     35.78
   517     2    0  1.034E+00  2.00E-03  7.62E-02  1.04E-12  6.03E-06  1.73E-25     35.85
   518     2    0  1.036E+00  2.00E-03  7.60E-02  1.06E-12  6.01E-06  1.68E-25     35.91
   519     2    0  1.038E+00  2.00E-03  7.59E-02  1.11E-12  5.99E-06  1.65E-25     35.97
   520     2    0  1.040E+00  2.00E-03  7.57E-02  1.21E-12  5.97E-06  1.60E-25     36.03
   521     2    0  1.042E+00  2.00E-03  7.55E-02  1.09E-12  5.94E-06  1.54E-25     36.09
   522     2    0  1.044E+00  2.00E-03  7.53E-02  1.09E-12  5.92E-06  1.49E-25     36.16
   523     2    0  1.046E+00  2.00E-03  7.51E-02  1.08E-12  5.90E-06  1.44E-25     36.22
   524     2    0  1.048E+00  2.00E-03  7.49E-02  1.06E-12  5.87E-06  1.40E-25     36.28
   525     2    0  1.050E+00  2.00E-03  7.47E-02  1.09E-12  5.85E-06  1.36E-25     36.34
   526     2    0  1.052E+00  2.00E-03  7.45E-02  1.51E-12  5.82E-06  1.40E-25     36.41
   527     2    0  1.054E+00  2.00E-03  7.43E-02  1.06E-12  5.80E-06  1.28E-25     36.47
   528     2    0  1.056E+00  2.00E-03  7.41E-02  1.14E-12  5.77E-06  1.25E-25     36.53
   529     2    0  1.058E+00  2.00E-03  7.39E-02  1.16E-12  5.75E-06  1.21E-25     36.60
   530     2    0  1.060E+00  2.00E-03  7.37E-02  1.59E-12  5.72E-06  1.25E-25     36.66
   531     2    0  1.062E+00  2.00E-03  7.35E-02  1.25E-12  5.70E-06  1.17E-25     36.73
   532     2    0  1.064E+00  2.00E-03  7.33E-02  1.01E-12  5.67E-06  1.10E-25     36.79
   533     2    0  1.066E+00  2.00E-03  7.30E-02  1.10E-12  5.64E-06  1.06E-25     36.87
   534     2    0  1.068E+00  2.00E-03  7.28E-02  1.16E-12  5.62E-06  1.04E-25     36.93
   535     2    0  1.070E+00  2.00E-03  7.26E-02  9.59E-13  5.59E-06  9.88E-26     37.00
   536     2    0  1.072E+00  2.00E-03  7.24E-02  1.05E-12  5.56E-06  9.60E-26     37.06
   537     2    0  1.074E+00  2.00E-03  7.22E-02  1.07E-12  5.54E-06  9.34E-26     37.13
   538     2    0  1.076E+00  2.00E-03  7.19E-02  1.11E-12  5.51E-06  9.10E-26     37.19
   539     2    0  1.078E+00  2.00E-03  7.17E-02  1.12E-12  5.48E-06  8.88E-26     37.26
   540     2    0  1.080E+00  2.00E-03  7.15E-02  1.20E-12  5.46E-06  8.89E-26     37.32
   541     2    0  1.082E+00  2.00E-03  7.12E-02  1.57E-12  5.43E-06  9.15E-26     37.39
   542     2    0  1.084E+00  2.00E-03  7.10E-02  1.03E-12  5.40E-06  8.22E-26     37.45
   543     2    0  1.086E+00  2.00E-03  7.08E-02  1.08E-12  5.37E-06  8.04E-26     37.51
   544     2    0  1.088E+00  2.00E-03  7.06E-02  1.08E-12  5.34E-06  7.86E-26     37.58
   545     2    0  1.090E+00  2.00E-03  7.03E-02  1.07E-12  5.32E-06  7.69E-26     37.64
   546     2    0  1.092E+00  2.00E-03  7.01E-02  1.07E-12  5.29E-06  7.53E-26     37.70
   547     2    0  1.094E+00  2.00E-03  6.99E-02  1.01E-12  5.26E-06  7.35E-26     37.76
   548     2    0  1.096E+00  2.00E-03  6.96E-02  1.14E-12  5.23E-06  7.23E-26     37.83
   549     2    0  1.098E+00  2.00E-03  6.94E-02  1.09E-12  5.20E-06  7.06E-26     37.91
   550     2    0  1.100E+00  2.00E-03  6.92E-02  1.30E-12  5.18E-06  7.26E-26     37.97
   551     2    0  1.102E+00  2.00E-03  6.89E-02  9.89E-13  5.15E-06  6.78E-26     38.04
   552     2    0  1.104E+00  2.00E-03  6.87E-02  1.00E-12  5.12E-06  6.71E-26     38.10
   553     2    0  1.106E+00  2.00E-03  6.85E-02  1.08E-12  5.09E-06  6.60E-26     38.16
   554     2    0  1.108E+00  2.00E-03  6.82E-02  1.28E-12  5.06E-06  6.77E-26     38.22
   555     2    0  1.110E+00  2.00E-03  6.80E-02  1.59E-12  5.03E-06  8.25E-26     38.28
   556     2    0  1.112E+00  2.00E-03  6.77E-02  1.17E-12  5.00E-06  6.25E-26     38.35
   557     2    0  1.114E+00  2.00E-03  6.75E-02  1.06E-12  4.98E-06  6.14E-26     38.42
   558     2    0  1.116E+00  2.00E-03  6.73E-02  1.02E-12  4.95E-06  6.06E-26     38.48
   559     2    0  1.118E+00  2.00E-03  6.70E-02  1.03E-12  4.92E-06  5.98E-26     38.55
   560     2    0  1.120E+00  2.00E-03  6.68E-02  1.30E-12  4.89E-06  6.03E-26     38.62
   561     2    0  1.122E+00  2.00E-03  6.66E-02  1.04E-12  4.86E-06  5.83E-26     38.69
   562     2    0  1.124E+00  2.00E-03  6.63E-02  1.12E-12  4.83E-06  5.77E-26     38.76
   563     2    0  1.126E+00  2.00E-03  6.61E-02  1.15E-12  4.80E-06  5.74E-26     38.82
   564     2    0  1.128E+00  2.00E-03  6.59E-02  1.01E-12  4.78E-06  5.67E-26     38.88
   565     2    0  1.130E+00  2.00E-03  6.57E-02  1.11E-12  4.75E-06  5.68E-26     38.94
   566     2    0  1.132E+00  2.00E-03  6.54E-02  1.08E-12  4.72E-06  5.69E-26     39.00
   567     2    0  1.134E+00  2.00E-03  6.52E-02  1.07E-12  4.69E-06  5.68E-26     39.06
   568     2    0  1.136E+00  2.00E-03  6.50E-02  1.03E-12  4.66E-06  5.67E-26     39.12
   569     2    0  1.138E+00  2.00E-03  6.47E-02  1.07E-12  4.63E-06  5.68E-26     39.18
   570     2    0  1.140E+00  2.00E-03  6.45E-02  1.03E-12  4.60E-06  5.67E-26     39.24
   571     2    0  1.142E+00  2.00E-03  6.43E-02  1.13E-12  4.58E-06  5.76E-26     39.31
   572     2    0  1.144E+00  2.00E-03  6.41E-02  1.09E-12  4.55E-06  5.71E-26     39.37
   573     2    0  1.146E+00  2.00E-03  6.38E-02  1.19E-12  4.52E-06  5.90E-26     39.43
   574     2    0  1.148E+00  2.00E-03  6.36E-02  1.01E-12  4.49E-06  5.70E-26     39.50
   575     2    0  1.150E+00  2.00E-03  6.34E-02  1.08E-12  4.46E-06  5.73E-26     39.56
   576     2    0  1.152E+00  2.00E-03  6.31E-02  1.03E-12  4.43E-06  5.70E-26     39.62
   577     2    0  1.154E+00  2.00E-03  6.29E-02  1.12E-12  4.40E-06  5.72E-26     39.68
   578     2    0  1.156E+00  2.00E-03  6.27E-02  1.09E-12  4.38E-06  5.74E-26     39.74
   579     2    0  1.158E+00  2.00E-03  6.25E-02  1.03E-12  4.35E-06  5.76E-26     39.81
   580     2    0  1.160E+00  2.00E-03  6.23E-02  1.02E-12  4.32E-06  5.78E-26     39.87
   581     2    0  1.162E+00  2.00E-03  6.20E-02  1.09E-12  4.29E-06  5.80E-26     39.93
   582     2    0  1.164E+00  2.00E-03  6.18E-02  1.07E-12  4.26E-06  5.80E-26     39.99
   583     2    0  1.166E+00  2.00E-03  6.16E-02  1.37E-12  4.23E-06  6.25E-26     40.05
   584     2    0  1.168E+00  2.00E-03  6.14E-02  1.03E-12  4.20E-06  5.78E-26     40.12
   585     2    0  1.170E+00  2.00E-03  6.12E-02  1.16E-12  4.17E-06  5.83E-26     40.18
   586     2    0  1.172E+00  2.00E-03  6.09E-02  1.10E-12  4.15E-06  5.80E-26     40.24
   587     2    0  1.174E+00  2.00E-03  6.07E-02  1.73E-12  4.12E-06  6.61E-26     40.30
   588     2    0  1.176E+00  2.00E-03  6.05E-02  9.80E-13  4.09E-06  5.68E-26     40.37
   589     2    0  1.178E+00  2.00E-03  6.03E-02  1.08E-12  4.06E-06  5.60E-26     40.43
   590     2    0  1.180E+00  2.00E-03  6.01E-02  1.12E-12  4.03E-06  5.60E-26     40.49
   591     2    0  1.182E+00  2.00E-03  5.99E-02  1.11E-12  4.00E-06  5.54E-26     40.55
   592     2    0  1.184E+00  2.00E-03  5.96E-02  9.86E-13  3.97E-06  5.44E-26     40.61
   593     2    0  1.186E+00  2.00E-03  5.94E-02  1.08E-12  3.94E-06  5.43E-26     40.67
   594     2    0  1.188E+00  2.00E-03  5.92E-02  1.32E-12  3.92E-06  5.78E-26     40.73
   595     2    0  1.190E+00  2.00E-03  5.90E-02  1.68E-12  3.89E-06  6.24E-26     40.80
   596     2    0  1.192E+00  2.00E-03  5.88E-02  1.05E-12  3.86E-06  5.29E-26     40.86
   597     2    0  1.194E+00  2.00E-03  5.86E-02  1.15E-12  3.83E-06  5.29E-26     40.92
   598     2    0  1.196E+00  2.00E-03  5.84E-02  1.10E-12  3.80E-06  5.26E-26     40.98
   599     2    0  1.198E+00  2.00E-03  5.81E-02  1.03E-12  3.77E-06  5.23E-26     41.04
   600     2    0  1.200E+00  2.00E-03  5.79E-02  1.06E-12  3.74E-06  5.20E-26     41.11
   601     2    0  1.202E+00  2.00E-03  5.77E-02  1.16E-12  3.71E-06  5.25E-26     41.17
   602     2    0  1.204E+00  2.00E-03  5.75E-02  1.17E-12  3.68E-06  5.20E-26     41.23
   603     2    0  1.206E+00  2.00E-03  5.73E-02  1.04E-12  3.66E-06  5.01E-26     41.30
   604     2    0  1.208E+00  2.00E-03  5.71E-02  1.14E-12  3.63E-06  5.00E-26     41.36
   605     2    0  1.210E+00  2.00E-03  5.69E-02  1.66E-12  3.60E-06  5.81E-26     41.42
   606     2    0  1.212E+00  2.00E-03  5.67E-02  1.57E-12  3.57E-06  5.61E-26     41.48
   607     2    0  1.214E+00  2.00E-03  5.65E-02  1.04E-12  3.54E-06  4.87E-26     41.54
   608     2    0  1.216E+00  2.00E-03  5.63E-02  1.03E-12  3.51E-06  4.84E-26     41.60
   609     2    0  1.218E+00  2.00E-03  5.61E-02  1.13E-12  3.48E-06  4.85E-26     41.66
   610     2    0  1.220E+00  2.00E-03  5.59E-02  1.11E-12  3.45E-06  4.88E-26     41.73
   611     2    0  1.222E+00  2.00E-03  5.57E-02  1.12E-12  3.43E-06  4.84E-26     41.79
   612     2    0  1.224E+00  2.00E-03  5.55E-02  1.14E-12  3.40E-06  4.88E-26     41.86
   613     2    0  1.226E+00  2.00E-03  5.52E-02  1.18E-12  3.37E-06  5.04E-26     41.92
   614     2    0  1.228E+00  2.00E-03  5.50E-02  1.15E-12  3.34E-06  4.87E-26     41.99
   615     2    0  1.230E+00  2.00E-03  5.48E-02  1.89E-12  3.31E-06  6.12E-26     42.05
   616     2    0  1.232E+00  2.00E-03  5.46E-02  1.09E-12  3.28E-06  4.85E-26     42.11
   617     2    0  1.234E+00  2.00E-03  5.44E-02  1.02E-12  3.25E-06  4.85E-26     42.17
   618     2    0  1.236E+00  2.00E-03  5.42E-02  1.06E-12  3.22E-06  4.88E-26     42.24
   619     2    0  1.238E+00  2.00E-03  5.40E-02  1.66E-12  3.20E-06  5.77E-26     42.30
   620     2    0  1.240E+00  2.00E-03  5.38E-02  1.12E-12  3.17E-06  4.86E-26     42.37
   621     2    0  1.242E+00  2.00E-03  5.36E-02  1.13E-12  3.14E-06  4.83E-26     42.43
   622     2    0  1.244E+00  2.00E-03  5.34E-02  1.15E-12  3.11E-06  4.82E-26     42.50
   623     2    0  1.246E+00  2.00E-03  5.32E-02  1.05E-12  3.08E-06  4.76E-26     42.56
   624     2    0  1.248E+00  2.00E-03  5.30E-02  1.11E-12  3.05E-06  4.73E-26     42.63
   625     2    0  1.250E+00  2.00E-03  5.28E-02  1.47E-12  3.03E-06  4.90E-26     42.70
   626     2    0  1.252E+00  2.00E-03  5.26E-02  1.92E-12  3.00E-06  6.08E-26     42.77
   627     2    0  1.254E+00  2.00E-03  5.24E-02  1.14E-12  2.97E-06  4.54E-26     42.84
   628     2    0  1.256E+00  2.00E-03  5.22E-02  1.27E-12  2.94E-06  4.54E-26     42.91
   629     2    0  1.258E+00  2.00E-03  5.20E-02  1.28E-12  2.91E-06  4.61E-26     42.97
   630     2    0  1.260E+00  2.00E-03  5.18E-02  1.14E-12  2.88E-06  4.24E-26     43.03
   631     2    0  1.262E+00  2.00E-03  5.16E-02  1.16E-12  2.86E-06  4.20E-26     43.09
   632     2    0  1.264E+00  2.00E-03  5.14E-02  1.12E-12  2.83E-06  4.03E-26     43.16
   633     2    0  1.266E+00  2.00E-03  5.12E-02  1.10E-12  2.80E-06  3.90E-26     43.22
   634     2    0  1.268E+00  2.00E-03  5.10E-02  1.13E-12  2.77E-06  3.78E-26     43.28
   635     2    0  1.270E+00  2.00E-03  5.08E-02  1.07E-12  2.75E-06  3.64E-26     43.34
   636     2    0  1.272E+00  2.00E-03  5.06E-02  1.11E-12  2.72E-06  3.55E-26     43.41
   637     2    0  1.274E+00  2.00E-03  5.04E-02  1.26E-12  2.69E-06  3.68E-26     43.47
   638     2    0  1.276E+00  2.00E-03  5.02E-02  1.38E-12  2.67E-06  3.75E-26     43.53
   639     2    0  1.278E+00  2.00E-03  5.00E-02  1.10E-12  2.64E-06  3.29E-26     43.59
   640     2    0  1.280E+00  2.00E-03  4.98E-02  1.12E-12  2.61E-06  3.23E-26     43.66
   641     2    0  1.282E+00  2.00E-03  4.96E-02  1.12E-12  2.59E-06  3.15E-26     43.72
   642     2    0  1.284E+00  2.00E-03  4.94E-02  1.38E-12  2.56E-06  3.38E-26     43.78
   643     2    0  1.286E+00  2.00E-03  4.92E-02  1.09E-12  2.54E-06  3.05E-26     43.84
   644     2    0  1.288E+00  2.00E-03  4.90E-02  1.06E-12  2.51E-06  3.03E-26     43.91
   645     2    0  1.290E+00  2.00E-03  4.89E-02  1.17E-12  2.49E-06  3.11E-26     43.97
   646     2    0  1.292E+00  2.00E-03  4.87E-02  1.11E-12  2.46E-06  3.11E-26     44.03
   647     2    0  1.294E+00  2.00E-03  4.85E-02  1.08E-12  2.44E-06  3.05E-26     44.09
   648     2    0  1.296E+00  2.00E-03  4.83E-02  1.04E-12  2.41E-06  3.06E-26     44.15
   649     2    0  1.298E+00  2.00E-03  4.81E-02  1.04E-12  2.39E-06  3.09E-26     44.21
   650     2    0  1.300E+00  2.00E-03  4.79E-02  1.15E-12  2.36E-06  3.16E-26     44.28
   651     2    0  1.302E+00  2.00E-03  4.77E-02  1.07E-12  2.34E-06  3.19E-26     44.34
   652     2    0  1.304E+00  2.00E-03  4.75E-02  1.20E-12  2.32E-06  3.30E-26     44.41
   653     2    0  1.306E+00  2.00E-03  4.73E-02  1.16E-12  2.30E-06  3.38E-26     44.48
   654     2    0  1.308E+00  2.00E-03  4.72E-02  1.16E-12  2.27E-06  3.50E-26     44.55
   655     2    0  1.310E+00  2.00E-03  4.70E-02  1.14E-12  2.25E-06  3.45E-26     44.61
   656     2    0  1.312E+00  2.00E-03  4.68E-02  1.06E-12  2.23E-06  3.52E-26     44.68
   657     2    0  1.314E+00  2.00E-03  4.66E-02  1.11E-12  2.21E-06  3.60E-26     44.75
   658     2    0  1.316E+00  2.00E-03  4.64E-02  1.05E-12  2.18E-06  3.69E-26     44.81
   659     2    0  1.318E+00  2.00E-03  4.62E-02  1.12E-12  2.16E-06  3.79E-26     44.88
   660     2    0  1.320E+00  2.00E-03  4.61E-02  1.16E-12  2.14E-06  3.91E-26     44.94
   661     2    0  1.322E+00  2.00E-03  4.59E-02  1.02E-12  2.12E-06  3.95E-26     45.01
   662     2    0  1.324E+00  2.00E-03  4.57E-02  1.02E-12  2.10E-06  4.03E-26     45.08
   663     2    0  1.326E+00  2.00E-03  4.55E-02  1.05E-12  2.08E-06  4.12E-26     45.15
   664     2    0  1.328E+00  2.00E-03  4.53E-02  1.02E-12  2.06E-06  4.20E-26     45.22
   665     2    0  1.330E+00  2.00E-03  4.52E-02  1.08E-12  2.04E-06  4.33E-26     45.28
   666     2    0  1.332E+00  2.00E-03  4.50E-02  1.12E-12  2.02E-06  4.46E-26     45.35
   667     2    0  1.334E+00  2.00E-03  4.48E-02  1.05E-12  2.00E-06  4.56E-26     45.41
   668     2    0  1.336E+00  2.00E-03  4.46E-02  1.02E-12  1.98E-06  4.66E-26     45.47
   669     2    0  1.338E+00  2.00E-03  4.45E-02  1.11E-12  1.96E-06  4.82E-26     45.54
   670     2    0  1.340E+00  2.00E-03  4.43E-02  1.05E-12  1.94E-06  4.94E-26     45.60
   671     2    0  1.342E+00  2.00E-03  4.41E-02  1.06E-12  1.93E-06  5.09E-26     45.67
   672     2    0  1.344E+00  2.00E-03  4.39E-02  1.07E-12  1.91E-06  5.23E-26     45.73
   673     2    0  1.346E+00  2.00E-03  4.38E-02  1.14E-12  1.89E-06  5.38E-26     45.79
   674     2    0  1.348E+00  2.00E-03  4.36E-02  1.08E-12  1.87E-06  5.49E-26     45.85
   675     2    0  1.350E+00  2.00E-03  4.34E-02  1.12E-12  1.86E-06  5.64E-26     45.91
   676     2    0  1.352E+00  2.00E-03  4.33E-02  1.17E-12  1.84E-06  5.74E-26     45.98
   677     2    0  1.354E+00  2.00E-03  4.31E-02  1.05E-12  1.82E-06  5.85E-26     46.04
   678     2    0  1.356E+00  2.00E-03  4.29E-02  1.10E-12  1.80E-06  6.01E-26     46.11
   679     2    0  1.358E+00  2.00E-03  4.28E-02  1.10E-12  1.79E-06  6.16E-26     46.17
   680     2    0  1.360E+00  2.00E-03  4.26E-02  1.09E-12  1.77E-06  6.31E-26     46.23
   681     2    0  1.362E+00  2.00E-03  4.24E-02  1.07E-12  1.75E-06  6.42E-26     46.30
   682     2    0  1.364E+00  2.00E-03  4.23E-02  1.17E-12  1.74E-06  6.58E-26     46.36
   683     2    0  1.366E+00  2.00E-03  4.21E-02  1.21E-12  1.72E-06  6.78E-26     46.42
   684     2    0  1.368E+00  2.00E-03  4.19E-02  1.12E-12  1.71E-06  6.81E-26     46.48
   685     2    0  1.370E+00  2.00E-03  4.18E-02  1.10E-12  1.69E-06  6.94E-26     46.55
   686     2    0  1.372E+00  2.00E-03  4.16E-02  1.10E-12  1.68E-06  7.03E-26     46.61
   687     2    0  1.374E+00  2.00E-03  4.15E-02  1.10E-12  1.66E-06  7.11E-26     46.67
   688     2    0  1.376E+00  2.00E-03  4.13E-02  1.04E-12  1.65E-06  7.16E-26     46.73
   689     2    0  1.378E+00  2.00E-03  4.11E-02  1.12E-12  1.63E-06  7.22E-26     46.80
   690     2    0  1.380E+00  2.00E-03  4.10E-02  1.01E-12  1.62E-06  7.28E-26     46.86
   691     2    0  1.382E+00  2.00E-03  4.08E-02  1.11E-12  1.60E-06  7.38E-26     46.93
   692     2    0  1.384E+00  2.00E-03  4.07E-02  1.06E-12  1.59E-06  7.45E-26     47.01
   693     2    0  1.386E+00  2.00E-03  4.05E-02  1.12E-12  1.57E-06  7.56E-26     47.07
   694     2    0  1.388E+00  2.00E-03  4.03E-02  1.14E-12  1.56E-06  7.58E-26     47.16
   695     2    0  1.390E+00  2.00E-03  4.02E-02  1.41E-12  1.54E-06  7.81E-26     47.22
   696     2    0  1.392E+00  2.00E-03  4.00E-02  1.08E-12  1.53E-06  7.63E-26     47.29
   697     2    0  1.394E+00  2.00E-03  3.99E-02  1.08E-12  1.52E-06  7.66E-26     47.36
   698     2    0  1.396E+00  2.00E-03  3.97E-02  1.13E-12  1.50E-06  7.68E-26     47.42
   699     2    0  1.398E+00  2.00E-03  3.95E-02  1.12E-12  1.49E-06  7.69E-26     47.48
   700     2    0  1.400E+00  2.00E-03  3.94E-02  1.13E-12  1.48E-06  7.67E-26     47.55
   701     2    0  1.402E+00  2.00E-03  3.92E-02  1.02E-12  1.46E-06  7.62E-26     47.61
   702     2    0  1.404E+00  2.00E-03  3.91E-02  1.17E-12  1.45E-06  7.61E-26     47.68
   703     2    0  1.406E+00  2.00E-03  3.89E-02  1.18E-12  1.44E-06  7.55E-26     47.74
   704     2    0  1.408E+00  2.00E-03  3.88E-02  1.12E-12  1.42E-06  7.47E-26     47.81
   705     2    0  1.410E+00  2.00E-03  3.86E-02  1.17E-12  1.41E-06  7.41E-26     47.87
   706     2    0  1.412E+00  2.00E-03  3.85E-02  1.04E-12  1.40E-06  7.33E-26     47.93
   707     2    0  1.414E+00  2.00E-03  3.83E-02  1.06E-12  1.39E-06  7.27E-26     48.00
   708     2    0  1.416E+00  2.00E-03  3.82E-02  1.14E-12  1.37E-06  7.20E-26     48.06
   709     2    0  1.418E+00  2.00E-03  3.80E-02  1.11E-12  1.36E-06  7.14E-26     48.12
   710     2    0  1.420E+00  2.00E-03  3.79E-02  1.15E-12  1.35E-06  7.07E-26     48.19
   711     2    0  1.422E+00  2.00E-03  3.77E-02  1.04E-12  1.34E-06  6.98E-26     48.25
   712     2    0  1.424E+00  2.00E-03  3.76E-02  1.07E-12  1.33E-06  6.89E-26     48.32
   713     2    0  1.426E+00  2.00E-03  3.75E-02  1.19E-12  1.32E-06  6.89E-26     48.38
   714     2    0  1.428E+00  2.00E-03  3.73E-02  1.05E-12  1.30E-06  6.69E-26     48.44
   715     2    0  1.430E+00  2.00E-03  3.72E-02  1.06E-12  1.29E-06  6.59E-26     48.50
   716     2    0  1.432E+00  2.00E-03  3.70E-02  1.16E-12  1.28E-06  6.55E-26     48.56
   717     2    0  1.434E+00  2.00E-03  3.69E-02  1.26E-12  1.27E-06  6.92E-26     48.63
   718     2    0  1.436E+00  2.00E-03  3.68E-02  1.07E-12  1.26E-06  6.30E-26     48.69
   719     2    0  1.438E+00  2.00E-03  3.67E-02  1.09E-12  1.25E-06  6.19E-26     48.75
   720     2    0  1.440E+00  2.00E-03  3.65E-02  9.92E-13  1.24E-06  6.06E-26     48.81
   721     2    0  1.442E+00  2.00E-03  3.64E-02  1.08E-12  1.23E-06  5.97E-26     48.87
   722     2    0  1.444E+00  2.00E-03  3.63E-02  1.10E-12  1.22E-06  5.88E-26     48.94
   723     2    0  1.446E+00  2.00E-03  3.62E-02  1.14E-12  1.21E-06  5.81E-26     49.00
   724     2    0  1.448E+00  2.00E-03  3.61E-02  1.05E-12  1.20E-06  5.72E-26     49.06
   725     2    0  1.450E+00  2.00E-03  3.60E-02  1.06E-12  1.19E-06  5.65E-26     49.12
   726     2    0  1.452E+00  2.00E-03  3.58E-02  1.11E-12  1.19E-06  5.58E-26     49.19
   727     2    0  1.454E+00  2.00E-03  3.57E-02  1.07E-12  1.18E-06  5.51E-26     49.25
   728     2    0  1.456E+00  2.00E-03  3.56E-02  1.02E-12  1.17E-06  5.36E-26     49.32
   729     2    0  1.458E+00  2.00E-03  3.55E-02  1.13E-12  1.16E-06  5.38E-26     49.38
   730     2    0  1.460E+00  2.00E-03  3.54E-02  1.11E-12  1.15E-06  5.23E-26     49.44
   731     2    0  1.462E+00  2.00E-03  3.54E-02  1.07E-12  1.15E-06  5.17E-26     49.51
   732     2    0  1.464E+00  2.00E-03  3.53E-02  1.07E-12  1.14E-06  5.10E-26     49.57
   733     2    0  1.466E+00  2.00E-03  3.52E-02  1.03E-12  1.13E-06  5.01E-26     49.63
   734     2    0  1.468E+00  2.00E-03  3.51E-02  1.05E-12  1.12E-06  4.93E-26     49.69
   735     2    0  1.470E+00  2.00E-03  3.50E-02  9.87E-13  1.12E-06  4.81E-26     49.76
   736     2    0  1.472E+00  2.00E-03  3.50E-02  1.14E-12  1.11E-06  4.76E-26     49.82
   737     2    0  1.474E+00  2.00E-03  3.49E-02  1.21E-12  1.11E-06  4.71E-26     49.88
   738     2    0  1.476E+00  2.00E-03  3.48E-02  1.14E-12  1.10E-06  4.62E-26     49.95
   739     2    0  1.478E+00  2.00E-03  3.48E-02  1.12E-12  1.10E-06  4.53E-26     50.01
   740     2    0  1.480E+00  2.00E-03  3.47E-02  1.29E-12  1.09E-06  4.54E-26     50.08
   741     2    0  1.482E+00  2.00E-03  3.47E-02  1.08E-12  1.09E-06  4.32E-26     50.14
   742     2    0  1.484E+00  2.00E-03  3.46E-02  1.07E-12  1.08E-06  4.22E-26     50.21
   743     2    0  1.486E+00  2.00E-03  3.46E-02  9.94E-13  1.08E-06  4.10E-26     50.28
   744     2    0  1.488E+00  2.00E-03  3.45E-02  1.08E-12  1.07E-06  4.04E-26     50.34
   745     2    0  1.490E+00  2.00E-03  3.45E-02  1.01E-12  1.07E-06  3.96E-26     50.42
   746     2    0  1.492E+00  2.00E-03  3.45E-02  1.08E-12  1.07E-06  3.88E-26     50.49
   747     2    0  1.494E+00  2.00E-03  3.45E-02  1.10E-12  1.07E-06  3.81E-26     50.56
   748     2    0  1.496E+00  2.00E-03  3.44E-02  1.11E-12  1.06E-06  3.72E-26     50.63
   749     2    0  1.498E+00  2.00E-03  3.44E-02  1.12E-12  1.06E-06  3.63E-26     50.69
   750     2    0  1.500E+00  2.00E-03  3.44E-02  1.19E-12  1.06E-06  3.68E-26     50.75
   751     2    0  1.502E+00  2.00E-03  3.44E-02  1.43E-12  1.06E-06  4.03E-26     50.81
   752     2    0  1.504E+00  2.00E-03  3.44E-02  1.09E-12  1.06E-06  3.42E-26     50.88
   753     2    0  1.506E+00  2.00E-03  3.44E-02  1.06E-12  1.06E-06  3.35E-26     50.94
   754     2    0  1.508E+00  2.00E-03  3.45E-02  1.09E-12  1.06E-06  3.29E-26     51.00
   755     2    0  1.510E+00  2.00E-03  3.45E-02  1.06E-12  1.06E-06  3.23E-26     51.06
   756     2    0  1.512E+00  2.00E-03  3.45E-02  1.14E-12  1.06E-06  3.23E-26     51.13
   757     2    0  1.514E+00  2.00E-03  3.45E-02  1.03E-12  1.06E-06  3.14E-26     51.19
   758     2    0  1.516E+00  2.00E-03  3.46E-02  1.14E-12  1.06E-06  3.18E-26     51.25
   759     2    0  1.518E+00  2.00E-03  3.46E-02  1.05E-12  1.07E-06  3.12E-26     51.32
   760     2    0  1.520E+00  2.00E-03  3.47E-02  1.23E-12  1.07E-06  3.33E-26     51.39
   761     2    0  1.522E+00  2.00E-03  3.47E-02  1.12E-12  1.07E-06  3.13E-26     51.46
   762     2    0  1.524E+00  2.00E-03  3.48E-02  1.09E-12  1.07E-06  3.13E-26     51.52
   763     2    0  1.526E+00  2.00E-03  3.48E-02  1.16E-12  1.08E-06  3.18E-26     51.58
   764     2    0  1.528E+00  2.00E-03  3.49E-02  1.08E-12  1.08E-06  3.20E-26     51.64
   765     2    0  1.530E+00  2.00E-03  3.50E-02  1.12E-12  1.09E-06  3.26E-26     51.71
   766     2    0  1.532E+00  2.00E-03  3.51E-02  1.14E-12  1.09E-06  3.32E-26     51.77
   767     2    0  1.534E+00  2.00E-03  3.51E-02  1.12E-12  1.10E-06  3.39E-26     51.84
   768     2    0  1.536E+00  2.00E-03  3.52E-02  1.05E-12  1.10E-06  3.40E-26     51.90
   769     2    0  1.538E+00  2.00E-03  3.53E-02  1.04E-12  1.11E-06  3.47E-26     51.96
   770     2    0  1.540E+00  2.00E-03  3.54E-02  9.37E-13  1.12E-06  3.51E-26     52.03
   771     2    0  1.542E+00  2.00E-03  3.55E-02  1.07E-12  1.12E-06  3.67E-26     52.09
   772     2    0  1.544E+00  2.00E-03  3.56E-02  1.13E-12  1.13E-06  3.72E-26     52.15
   773     2    0  1.546E+00  2.00E-03  3.57E-02  1.09E-12  1.14E-06  3.81E-26     52.21
   774     2    0  1.548E+00  2.00E-03  3.59E-02  1.03E-12  1.15E-06  3.88E-26     52.27
   775     2    0  1.550E+00  2.00E-03  3.60E-02  1.08E-12  1.16E-06  3.99E-26     52.34
   776     2    0  1.552E+00  2.00E-03  3.61E-02  1.02E-12  1.17E-06  4.08E-26     52.40
   777     2    0  1.554E+00  2.00E-03  3.62E-02  1.09E-12  1.18E-06  4.18E-26     52.46
   778     2    0  1.556E+00  2.00E-03  3.64E-02  1.02E-12  1.19E-06  4.28E-26     52.52
   779     2    0  1.558E+00  2.00E-03  3.65E-02  1.08E-12  1.20E-06  4.41E-26     52.59
   780     2    0  1.560E+00  2.00E-03  3.67E-02  1.06E-12  1.21E-06  4.51E-26     52.65
   781     2    0  1.562E+00  2.00E-03  3.68E-02  1.11E-12  1.22E-06  4.62E-26     52.71
   782     2    0  1.564E+00  2.00E-03  3.70E-02  1.15E-12  1.23E-06  4.74E-26     52.77
   783     2    0  1.566E+00  2.00E-03  3.71E-02  1.04E-12  1.24E-06  4.81E-26     52.84
   784     2    0  1.568E+00  2.00E-03  3.73E-02  1.12E-12  1.26E-06  4.94E-26     52.90
   785     2    0  1.570E+00  2.00E-03  3.74E-02  1.04E-12  1.27E-06  5.01E-26     52.96
   786     2    0  1.572E+00  2.00E-03  3.76E-02  1.21E-12  1.28E-06  5.25E-26     53.02
   787     2    0  1.574E+00  2.00E-03  3.77E-02  1.02E-12  1.29E-06  5.18E-26     53.08
   788     2    0  1.576E+00  2.00E-03  3.79E-02  1.05E-12  1.31E-06  5.26E-26     53.14
   789     2    0  1.578E+00  2.00E-03  3.81E-02  1.08E-12  1.32E-06  5.33E-26     53.21
   790     2    0  1.580E+00  2.00E-03  3.82E-02  1.07E-12  1.34E-06  5.40E-26     53.27
   791     2    0  1.582E+00  2.00E-03  3.84E-02  1.11E-12  1.35E-06  5.47E-26     53.33
   792     2    0  1.584E+00  2.00E-03  3.86E-02  1.08E-12  1.37E-06  5.50E-26     53.39
   793     2    0  1.586E+00  2.00E-03  3.87E-02  1.22E-12  1.38E-06  5.58E-26     53.45
   794     2    0  1.588E+00  2.00E-03  3.89E-02  1.08E-12  1.40E-06  5.60E-26     53.51
   795     2    0  1.590E+00  2.00E-03  3.91E-02  1.05E-12  1.41E-06  5.65E-26     53.57
   796     2    0  1.592E+00  2.00E-03  3.93E-02  1.07E-12  1.43E-06  5.69E-26     53.64
   797     2    0  1.594E+00  2.00E-03  3.94E-02  1.14E-12  1.45E-06  5.76E-26     53.70
   798     2    0  1.596E+00  2.00E-03  3.96E-02  1.34E-12  1.46E-06  6.09E-26     53.76
   799     2    0  1.598E+00  2.00E-03  3.98E-02  1.08E-12  1.48E-06  5.83E-26     53.82
   800     2    0  1.600E+00  2.00E-03  4.00E-02  1.10E-12  1.50E-06  5.86E-26     53.88
   801     2    0  1.602E+00  2.00E-03  4.02E-02  1.07E-12  1.51E-06  5.89E-26     53.94
   802     2    0  1.604E+00  2.00E-03  4.03E-02  1.04E-12  1.53E-06  5.91E-26     54.00
   803     2    0  1.606E+00  2.00E-03  4.05E-02  1.07E-12  1.55E-06  5.93E-26     54.06
   804     2    0  1.608E+00  2.00E-03  4.07E-02  1.05E-12  1.57E-06  5.93E-26     54.13
   805     2    0  1.610E+00  2.00E-03  4.09E-02  1.09E-12  1.59E-06  5.95E-26     54.19
   806     2    0  1.612E+00  2.00E-03  4.11E-02  1.14E-12  1.61E-06  5.94E-26     54.25
   807     2    0  1.614E+00  2.00E-03  4.13E-02  1.03E-12  1.63E-06  5.89E-26     54.32
   808     2    0  1.616E+00  2.00E-03  4.15E-02  1.10E-12  1.65E-06  5.88E-26     54.38
   809     2    0  1.618E+00  2.00E-03  4.16E-02  1.05E-12  1.67E-06  5.85E-26     54.45
   810     2    0  1.620E+00  2.00E-03  4.18E-02  1.06E-12  1.69E-06  5.81E-26     54.52
   811     2    0  1.622E+00  2.00E-03  4.20E-02  1.03E-12  1.71E-06  5.76E-26     54.58
   812     2    0  1.624E+00  2.00E-03  4.22E-02  1.06E-12  1.73E-06  5.70E-26     54.65
   813     2    0  1.626E+00  2.00E-03  4.24E-02  1.07E-12  1.75E-06  5.64E-26     54.71
   814     2    0  1.628E+00  2.00E-03  4.26E-02  1.11E-12  1.77E-06  5.54E-26     54.78
   815     2    0  1.630E+00  2.00E-03  4.28E-02  1.06E-12  1.79E-06  5.44E-26     54.85
   816     2    0  1.632E+00  2.00E-03  4.30E-02  1.13E-12  1.81E-06  5.37E-26     54.91
   817     2    0  1.634E+00  2.00E-03  4.32E-02  1.06E-12  1.84E-06  5.25E-26     54.99
   818     2    0  1.636E+00  2.00E-03  4.34E-02  1.07E-12  1.86E-06  5.19E-26     55.05
   819     2    0  1.638E+00  2.00E-03  4.36E-02  1.05E-12  1.88E-06  5.07E-26     55.12
   820     2    0  1.640E+00  2.00E-03  4.38E-02  1.06E-12  1.90E-06  4.96E-26     55.18
   821     2    0  1.642E+00  2.00E-03  4.40E-02  1.03E-12  1.93E-06  4.85E-26     55.24
   822     2    0  1.644E+00  2.00E-03  4.42E-02  1.09E-12  1.95E-06  4.74E-26     55.30
   823     2    0  1.646E+00  2.00E-03  4.44E-02  1.05E-12  1.97E-06  4.62E-26     55.36
   824     2    0  1.648E+00  2.00E-03  4.46E-02  1.05E-12  2.00E-06  4.50E-26     55.43
   825     2    0  1.650E+00  2.00E-03  4.48E-02  1.09E-12  2.02E-06  4.41E-26     55.49
   826     2    0  1.652E+00  2.00E-03  4.50E-02  1.05E-12  2.05E-06  4.30E-26     55.56
   827     2    0  1.654E+00  2.00E-03  4.52E-02  1.04E-12  2.07E-06  4.20E-26     55.62
   828     2    0  1.656E+00  2.00E-03  4.54E-02  1.02E-12  2.10E-06  4.06E-26     55.68
   829     2    0  1.658E+00  2.00E-03  4.56E-02  1.17E-12  2.12E-06  3.97E-26     55.74
   830     2    0  1.660E+00  2.00E-03  4.58E-02  1.13E-12  2.15E-06  3.88E-26     55.81
   831     2    0  1.662E+00  2.00E-03  4.60E-02  1.11E-12  2.18E-06  3.79E-26     55.87
   832     2    0  1.664E+00  2.00E-03  4.63E-02  1.13E-12  2.20E-06  3.71E-26     55.93
   833     2    0  1.666E+00  2.00E-03  4.65E-02  1.06E-12  2.23E-06  3.62E-26     55.99
   834     2    0  1.668E+00  2.00E-03  4.67E-02  1.08E-12  2.26E-06  3.55E-26     56.05
   835     2    0  1.670E+00  2.00E-03  4.69E-02  1.08E-12  2.29E-06  3.46E-26     56.11
   836     2    0  1.672E+00  2.00E-03  4.72E-02  1.05E-12  2.31E-06  3.38E-26     56.18
   837     2    0  1.674E+00  2.00E-03  4.74E-02  1.15E-12  2.34E-06  3.36E-26     56.24
   838     2    0  1.676E+00  2.00E-03  4.76E-02  1.12E-12  2.37E-06  3.30E-26     56.30
   839     2    0  1.678E+00  2.00E-03  4.78E-02  1.07E-12  2.40E-06  3.26E-26     56.36
   840     2    0  1.680E+00  2.00E-03  4.81E-02  1.09E-12  2.43E-06  3.26E-26     56.42
   841     2    0  1.682E+00  2.00E-03  4.83E-02  1.10E-12  2.46E-06  3.19E-26     56.49
   842     2    0  1.684E+00  2.00E-03  4.86E-02  1.12E-12  2.49E-06  3.18E-26     56.55
   843     2    0  1.686E+00  2.00E-03  4.88E-02  1.08E-12  2.52E-06  3.12E-26     56.61
   844     2    0  1.688E+00  2.00E-03  4.90E-02  1.13E-12  2.55E-06  3.10E-26     56.68
   845     2    0  1.690E+00  2.00E-03  4.93E-02  1.06E-12  2.58E-06  3.08E-26     56.74
   846     2    0  1.692E+00  2.00E-03  4.95E-02  1.07E-12  2.62E-06  3.06E-26     56.81
   847     2    0  1.694E+00  2.00E-03  4.98E-02  1.08E-12  2.65E-06  3.04E-26     56.87
   848     2    0  1.696E+00  2.00E-03  5.00E-02  1.08E-12  2.68E-06  3.03E-26     56.93
   849     2    0  1.698E+00  2.00E-03  5.03E-02  9.62E-13  2.71E-06  2.99E-26     56.99
   850     2    0  1.700E+00  2.00E-03  5.05E-02  1.12E-12  2.74E-06  3.02E-26     57.05
   851     2    0  1.702E+00  2.00E-03  5.08E-02  1.10E-12  2.78E-06  3.04E-26     57.12
   852     2    0  1.704E+00  2.00E-03  5.11E-02  1.10E-12  2.81E-06  3.04E-26     57.19
   853     2    0  1.706E+00  2.00E-03  5.13E-02  1.03E-12  2.85E-06  3.04E-26     57.26
   854     2    0  1.708E+00  2.00E-03  5.16E-02  9.97E-13  2.88E-06  3.04E-26     57.32
   855     2    0  1.710E+00  2.00E-03  5.18E-02  1.08E-12  2.91E-06  3.09E-26     57.38
   856     2    0  1.712E+00  2.00E-03  5.21E-02  1.07E-12  2.95E-06  3.08E-26     57.45
   857     2    0  1.714E+00  2.00E-03  5.24E-02  1.10E-12  2.98E-06  3.10E-26     57.51
   858     2    0  1.716E+00  2.00E-03  5.26E-02  1.15E-12  3.02E-06  3.12E-26     57.58
   859     2    0  1.718E+00  2.00E-03  5.29E-02  1.07E-12  3.06E-06  3.10E-26     57.64
   860     2    0  1.720E+00  2.00E-03  5.32E-02  1.09E-12  3.09E-06  3.11E-26     57.71
   861     2    0  1.722E+00  2.00E-03  5.35E-02  1.06E-12  3.13E-06  3.10E-26     57.78
   862     2    0  1.724E+00  2.00E-03  5.37E-02  1.09E-12  3.16E-06  3.11E-26     57.84
   863     2    0  1.726E+00  2.00E-03  5.40E-02  1.01E-12  3.20E-06  3.11E-26     57.90
   864     2    0  1.728E+00  2.00E-03  5.43E-02  1.12E-12  3.24E-06  3.16E-26     57.96
   865     2    0  1.730E+00  2.00E-03  5.46E-02  1.02E-12  3.27E-06  3.12E-26     58.02
   866     2    0  1.732E+00  2.00E-03  5.49E-02  1.05E-12  3.31E-06  3.11E-26     58.09
   867     2    0  1.734E+00  2.00E-03  5.52E-02  1.03E-12  3.35E-06  3.09E-26     58.15
   868     2    0  1.736E+00  2.00E-03  5.54E-02  1.02E-12  3.39E-06  3.06E-26     58.21
   869     2    0  1.738E+00  2.00E-03  5.57E-02  1.14E-12  3.43E-06  3.08E-26     58.28
   870     2    0  1.740E+00  2.00E-03  5.60E-02  1.07E-12  3.46E-06  3.05E-26     58.34
   871     2    0  1.742E+00  2.00E-03  5.63E-02  1.02E-12  3.50E-06  3.05E-26     58.40
   872     2    0  1.744E+00  2.00E-03  5.66E-02  1.19E-12  3.54E-06  3.08E-26     58.47
   873     2    0  1.746E+00  2.00E-03  5.69E-02  1.16E-12  3.58E-06  3.12E-26     58.53
   874     2    0  1.748E+00  2.00E-03  5.72E-02  1.11E-12  3.62E-06  3.04E-26     58.60
   875     2    0  1.750E+00  2.00E-03  5.75E-02  1.29E-12  3.66E-06  3.35E-26     58.66
   876     2    0  1.752E+00  2.00E-03  5.77E-02  1.10E-12  3.70E-06  3.06E-26     58.73
   877     2    0  1.754E+00  2.00E-03  5.80E-02  1.08E-12  3.74E-06  3.07E-26     58.79
   878     2    0  1.756E+00  2.00E-03  5.83E-02  1.25E-12  3.78E-06  3.36E-26     58.85
   879     2    0  1.758E+00  2.00E-03  5.86E-02  1.09E-12  3.82E-06  3.12E-26     58.92
   880     2    0  1.760E+00  2.00E-03  5.89E-02  1.07E-12  3.86E-06  3.15E-26     58.99
   881     2    0  1.762E+00  2.00E-03  5.92E-02  1.01E-12  3.90E-06  3.19E-26     59.05
   882     2    0  1.764E+00  2.00E-03  5.95E-02  1.10E-12  3.94E-06  3.27E-26     59.12
   883     2    0  1.766E+00  2.00E-03  5.98E-02  1.12E-12  3.98E-06  3.38E-26     59.19
   884     2    0  1.768E+00  2.00E-03  6.01E-02  1.07E-12  4.02E-06  3.46E-26     59.25
   885     2    0  1.770E+00  2.00E-03  6.04E-02  1.11E-12  4.06E-06  3.57E-26     59.32
   886     2    0  1.772E+00  2.00E-03  6.07E-02  1.33E-12  4.10E-06  3.92E-26     59.40
   887     2    0  1.774E+00  2.00E-03  6.10E-02  1.07E-12  4.14E-06  3.75E-26     59.46
   888     2    0  1.776E+00  2.00E-03  6.13E-02  1.03E-12  4.18E-06  3.85E-26     59.53
   889     2    0  1.778E+00  2.00E-03  6.16E-02  1.12E-12  4.22E-06  3.99E-26     59.59
   890     2    0  1.780E+00  2.00E-03  6.19E-02  1.07E-12  4.26E-06  4.14E-26     59.66
   891     2    0  1.782E+00  2.00E-03  6.22E-02  1.08E-12  4.31E-06  4.29E-26     59.72
   892     2    0  1.784E+00  2.00E-03  6.25E-02  1.06E-12  4.35E-06  4.43E-26     59.79
   893     2    0  1.786E+00  2.00E-03  6.28E-02  1.10E-12  4.39E-06  4.57E-26     59.87
   894     2    0  1.788E+00  2.00E-03  6.31E-02  1.02E-12  4.43E-06  4.69E-26     59.93
   895     2    0  1.790E+00  2.00E-03  6.34E-02  1.03E-12  4.47E-06  4.82E-26     60.01
   896     2    0  1.792E+00  2.00E-03  6.37E-02  1.21E-12  4.51E-06  5.14E-26     60.08
   897     2    0  1.794E+00  2.00E-03  6.40E-02  1.25E-12  4.55E-06  5.33E-26     60.15
   898     2    0  1.796E+00  2.00E-03  6.43E-02  1.04E-12  4.59E-06  5.26E-26     60.22
   899     2    0  1.798E+00  2.00E-03  6.46E-02  1.16E-12  4.63E-06  5.42E-26     60.29
   900     2    0  1.800E+00  2.00E-03  6.49E-02  1.16E-12  4.67E-06  5.79E-26     60.35
   901     2    0  1.802E+00  2.00E-03  6.51E-02  1.02E-12  4.71E-06  5.61E-26     60.42
   902     2    0  1.804E+00  2.00E-03  6.54E-02  1.14E-12  4.75E-06  5.76E-26     60.48
   903     2    0  1.806E+00  2.00E-03  6.57E-02  1.09E-12  4.79E-06  5.90E-26     60.55
   904     2    0  1.808E+00  2.00E-03  6.60E-02  1.13E-12  4.83E-06  6.05E-26     60.61
   905     2    0  1.810E+00  2.00E-03  6.63E-02  1.44E-12  4.87E-06  6.53E-26     60.67
   906     2    0  1.812E+00  2.00E-03  6.66E-02  1.20E-12  4.91E-06  6.41E-26     60.74
   907     2    0  1.814E+00  2.00E-03  6.69E-02  1.08E-12  4.94E-06  6.46E-26     60.80
   908     2    0  1.816E+00  2.00E-03  6.72E-02  1.51E-12  4.98E-06  7.22E-26     60.86
   909     2    0  1.818E+00  2.00E-03  6.74E-02  1.29E-12  5.02E-06  7.06E-26     60.92
   910     2    0  1.820E+00  2.00E-03  6.77E-02  1.16E-12  5.06E-06  6.92E-26     60.99
   911     2    0  1.822E+00  2.00E-03  6.80E-02  1.04E-12  5.10E-06  7.05E-26     61.05
   912     2    0  1.824E+00  2.00E-03  6.83E-02  1.50E-12  5.13E-06  7.91E-26     61.11
   913     2    0  1.826E+00  2.00E-03  6.85E-02  1.07E-12  5.17E-06  7.33E-26     61.18
   914     2    0  1.828E+00  2.00E-03  6.88E-02  1.69E-12  5.21E-06  8.20E-26     61.24
   915     2    0  1.830E+00  2.00E-03  6.91E-02  1.14E-12  5.25E-06  7.54E-26     61.31
   916     2    0  1.832E+00  2.00E-03  6.93E-02  1.27E-12  5.28E-06  7.89E-26     61.37
   917     2    0  1.834E+00  2.00E-03  6.96E-02  1.06E-12  5.32E-06  7.73E-26     61.43
   918     2    0  1.836E+00  2.00E-03  6.99E-02  1.04E-12  5.35E-06  7.81E-26     61.50
   919     2    0  1.838E+00  2.00E-03  7.01E-02  1.08E-12  5.39E-06  7.93E-26     61.56
   920     2    0  1.840E+00  2.00E-03  7.04E-02  1.20E-12  5.43E-06  8.06E-26     61.62
   921     2    0  1.842E+00  2.00E-03  7.06E-02  1.09E-12  5.46E-06  8.03E-26     61.69
   922     2    0  1.844E+00  2.00E-03  7.09E-02  1.10E-12  5.50E-06  8.08E-26     61.76
   923     2    0  1.846E+00  2.00E-03  7.11E-02  1.04E-12  5.53E-06  8.13E-26     61.82
   924     2    0  1.848E+00  2.00E-03  7.14E-02  1.35E-12  5.56E-06  8.60E-26     61.89
   925     2    0  1.850E+00  2.00E-03  7.16E-02  1.20E-12  5.60E-06  8.38E-26     61.95
   926     2    0  1.852E+00  2.00E-03  7.19E-02  1.07E-12  5.63E-06  8.28E-26     62.01
   927     2    0  1.854E+00  2.00E-03  7.21E-02  1.11E-12  5.66E-06  8.31E-26     62.07
   928     2    0  1.856E+00  2.00E-03  7.24E-02  1.21E-12  5.70E-06  8.54E-26     62.14
   929     2    0  1.858E+00  2.00E-03  7.26E-02  1.06E-12  5.73E-06  8.33E-26     62.20
   930     2    0  1.860E+00  2.00E-03  7.28E-02  1.12E-12  5.76E-06  8.33E-26     62.26
   931     2    0  1.862E+00  2.00E-03  7.31E-02  1.05E-12  5.79E-06  8.34E-26     62.33
   932     2    0  1.864E+00  2.00E-03  7.33E-02  1.14E-12  5.82E-06  8.37E-26     62.39
   933     2    0  1.866E+00  2.00E-03  7.35E-02  1.11E-12  5.86E-06  8.40E-26     62.45
   934     2    0  1.868E+00  2.00E-03  7.37E-02  1.19E-12  5.89E-06  8.52E-26     62.52
   935     2    0  1.870E+00  2.00E-03  7.40E-02  1.36E-12  5.92E-06  8.83E-26     62.58
   936     2    0  1.872E+00  2.00E-03  7.42E-02  1.09E-12  5.95E-06  8.49E-26     62.66
   937     2    0  1.874E+00  2.00E-03  7.44E-02  1.85E-12  5.98E-06  1.00E-25     62.73
   938     2    0  1.876E+00  2.00E-03  7.46E-02  1.03E-12  6.01E-06  8.58E-26     62.79
   939     2    0  1.878E+00  2.00E-03  7.48E-02  1.05E-12  6.03E-06  8.64E-26     62.85
   940     2    0  1.880E+00  2.00E-03  7.50E-02  1.10E-12  6.06E-06  8.72E-26     62.92
   941     2    0  1.882E+00  2.00E-03  7.52E-02  1.10E-12  6.09E-06  8.79E-26     62.98
   942     2    0  1.884E+00  2.00E-03  7.54E-02  1.11E-12  6.12E-06  8.83E-26     63.05
   943     2    0  1.886E+00  2.00E-03  7.56E-02  1.13E-12  6.15E-06  8.85E-26     63.11
   944     2    0  1.888E+00  2.00E-03  7.58E-02  1.63E-12  6.17E-06  9.79E-26     63.19
   945     2    0  1.890E+00  2.00E-03  7.60E-02  1.18E-12  6.20E-06  8.99E-26     63.25
   946     2    0  1.892E+00  2.00E-03  7.62E-02  1.83E-12  6.23E-06  1.06E-25     63.31
   947     2    0  1.894E+00  2.00E-03  7.64E-02  1.36E-12  6.25E-06  9.54E-26     63.38
   948     2    0  1.896E+00  2.00E-03  7.66E-02  1.00E-12  6.28E-06  9.18E-26     63.44
   949     2    0  1.898E+00  2.00E-03  7.68E-02  1.32E-12  6.30E-06  9.46E-26     63.50
   950     2    0  1.900E+00  2.00E-03  7.70E-02  9.51E-13  6.33E-06  9.42E-26     63.57
   951     2    0  1.902E+00  2.00E-03  7.71E-02  1.05E-12  6.35E-06  9.60E-26     63.63
   952     2    0  1.904E+00  2.00E-03  7.73E-02  1.46E-12  6.38E-06  1.04E-25     63.69
   953     2    0  1.906E+00  2.00E-03  7.75E-02  1.15E-12  6.40E-06  1.00E-25     63.76
   954     2    0  1.908E+00  2.00E-03  7.77E-02  1.09E-12  6.42E-06  1.01E-25     63.82
   955     2    0  1.910E+00  2.00E-03  7.78E-02  1.12E-12  6.45E-06  1.04E-25     63.88
   956     2    0  1.912E+00  2.00E-03  7.80E-02  1.07E-12  6.47E-06  1.05E-25     63.94
   957     2    0  1.914E+00  2.00E-03  7.81E-02  1.09E-12  6.49E-06  1.07E-25     64.01
   958     2    0  1.916E+00  2.00E-03  7.83E-02  1.11E-12  6.51E-06  1.11E-25     64.08
   959     2    0  1.918E+00  2.00E-03  7.84E-02  1.09E-12  6.53E-06  1.12E-25     64.14
   960     2    0  1.920E+00  2.00E-03  7.86E-02  1.46E-12  6.55E-06  1.23E-25     64.21
   961     2    0  1.922E+00  2.00E-03  7.87E-02  1.09E-12  6.57E-06  1.18E-25     64.28
   962     2    0  1.924E+00  2.00E-03  7.89E-02  1.09E-12  6.59E-06  1.20E-25     64.35
   963     2    0  1.926E+00  2.00E-03  7.90E-02  1.44E-12  6.61E-06  1.29E-25     64.42
   964     2    0  1.928E+00  2.00E-03  7.91E-02  1.48E-12  6.63E-06  1.33E-25     64.49
   965     2    0  1.930E+00  2.00E-03  7.93E-02  1.34E-12  6.65E-06  1.31E-25     64.55
   966     2    0  1.932E+00  2.00E-03  7.94E-02  1.40E-12  6.67E-06  1.34E-25     64.61
   967     2    0  1.934E+00  2.00E-03  7.95E-02  1.15E-12  6.68E-06  1.35E-25     64.68
   968     2    0  1.936E+00  2.00E-03  7.96E-02  1.06E-12  6.70E-06  1.37E-25     64.74
   969     2    0  1.938E+00  2.00E-03  7.97E-02  1.11E-12  6.72E-06  1.40E-25     64.80
   970     2    0  1.940E+00  2.00E-03  7.99E-02  1.06E-12  6.73E-06  1.43E-25     64.86
   971     2    0  1.942E+00  2.00E-03  8.00E-02  1.10E-12  6.75E-06  1.45E-25     64.92
   972     2    0  1.944E+00  2.00E-03  8.01E-02  1.11E-12  6.76E-06  1.48E-25     64.99
   973     2    0  1.946E+00  2.00E-03  8.02E-02  1.08E-12  6.78E-06  1.50E-25     65.05
   974     2    0  1.948E+00  2.00E-03  8.03E-02  1.24E-12  6.79E-06  1.53E-25     65.11
   975     2    0  1.950E+00  2.00E-03  8.03E-02  1.13E-12  6.80E-06  1.54E-25     65.17
   976     2    0  1.952E+00  2.00E-03  8.04E-02  1.16E-12  6.81E-06  1.56E-25     65.23
   977     2    0  1.954E+00  2.00E-03  8.05E-02  1.64E-12  6.82E-06  1.67E-25     65.29
   978     2    0  1.956E+00  2.00E-03  8.06E-02  1.95E-12  6.84E-06  1.66E-25     65.36
   979     2    0  1.958E+00  2.00E-03  8.07E-02  1.08E-12  6.85E-06  1.61E-25     65.42
   980     2    0  1.960E+00  2.00E-03  8.07E-02  1.16E-12  6.86E-06  1.62E-25     65.48
   981     2    0  1.962E+00  2.00E-03  8.08E-02  1.12E-12  6.86E-06  1.63E-25     65.54
   982     2    0  1.964E+00  2.00E-03  8.08E-02  1.00E-12  6.87E-06  1.64E-25     65.60
   983     2    0  1.966E+00  2.00E-03  8.09E-02  1.10E-12  6.88E-06  1.66E-25     65.66
   984     2    0  1.968E+00  2.00E-03  8.09E-02  1.06E-12  6.89E-06  1.68E-25     65.73
   985     2    0  1.970E+00  2.00E-03  8.10E-02  1.07E-12  6.89E-06  1.70E-25     65.79
   986     2    0  1.972E+00  2.00E-03  8.10E-02  1.47E-12  6.90E-06  1.73E-25     65.85
   987     2    0  1.974E+00  2.00E-03  8.11E-02  1.09E-12  6.91E-06  1.72E-25     65.91
   988     2    0  1.976E+00  2.00E-03  8.11E-02  1.42E-12  6.91E-06  1.75E-25     65.97
   989     2    0  1.978E+00  2.00E-03  8.11E-02  1.72E-12  6.91E-06  1.81E-25     66.03
   990     2    0  1.980E+00  2.00E-03  8.12E-02  1.60E-12  6.92E-06  1.83E-25     66.09
   991     2    0  1.982E+00  2.00E-03  8.12E-02  1.25E-12  6.92E-06  1.81E-25     66.16
   992     2    0  1.984E+00  2.00E-03  8.12E-02  1.28E-12  6.92E-06  1.85E-25     66.22
   993     2    0  1.986E+00  2.00E-03  8.12E-02  1.01E-12  6.92E-06  1.81E-25     66.28
   994     2    0  1.988E+00  2.00E-03  8.12E-02  1.13E-12  6.92E-06  1.82E-25     66.34
   995     2    0  1.990E+00  2.00E-03  8.12E-02  1.10E-12  6.92E-06  1.83E-25     66.40
   996     2    0  1.992E+00  2.00E-03  8.12E-02  2.06E-12  6.92E-06  1.94E-25     66.47
   997     2    0  1.994E+00  2.00E-03  8.12E-02  1.47E-12  6.92E-06  1.87E-25     66.54
   998     2    0  1.996E+00  2.00E-03  8.12E-02  1.07E-12  6.92E-06  1.83E-25     66.60
   999     2    0  1.998E+00  2.00E-03  8.12E-02  1.14E-12  6.91E-06  1.84E-25     66.66
